105 345
111 395
124 440
139 485
159 526
187 565
222 600
262 628
305 635
347 627
385 599
419 563
446 522
464 479
479 434
492 388
497 340
144 310
173 293
208 284
244 285
277 297
343 295
376 283
412 282
446 290
470 309
312 346
313 379
313 414
314 449
280 470
296 475
313 479
327 475
341 470
184 355
206 341
234 341
256 359
234 366
206 366
362 359
384 339
412 339
432 352
414 363
387 365
243 531
269 516
295 506
310 509
327 506
347 516
369 532
347 560
326 572
308 574
291 573
267 562
255 531
294 523
310 524
327 523
356 533
325 543
308 545
292 544
