20 200
25 250
37 295
49 338
67 377
93 411
125 440
159 464
195 473
231 465
264 440
294 410
319 377
336 338
347 297
359 253
365 206
53 186
81 171
113 168
145 174
174 189
233 189
261 175
291 168
322 170
346 187
204 229
204 260
204 291
204 323
173 340
187 344
203 348
217 343
232 337
90 229
110 216
134 217
155 236
132 241
107 240
248 237
266 217
290 214
311 225
294 238
269 241
146 389
170 380
191 372
204 376
216 371
234 377
255 385
235 408
218 418
204 421
189 420
170 411
156 389
191 389
204 389
216 387
245 387
217 393
204 396
191 394
