8 252
10 293
19 333
33 369
52 403
77 434
103 464
133 491
165 500
200 495
235 469
265 439
291 407
307 369
316 330
328 290
332 247
29 208
54 194
84 190
114 194
138 208
193 207
222 194
254 191
285 197
306 216
167 249
167 287
167 326
168 363
137 372
152 379
168 385
183 379
197 373
56 251
78 242
103 245
123 263
100 267
73 265
211 263
231 246
255 244
275 256
259 267
233 267
107 403
133 403
153 401
167 405
183 401
205 404
233 403
207 432
185 442
169 444
152 441
132 430
120 408
152 418
167 420
183 419
221 408
185 419
168 420
153 418
