120 391
121 439
126 485
131 532
146 574
173 610
209 640
247 666
289 675
332 668
371 643
406 614
433 580
451 541
461 497
469 454
476 410
163 361
193 350
225 351
256 357
284 371
344 375
372 365
400 363
429 367
450 383
311 412
310 445
309 478
308 511
273 522
288 529
304 535
320 531
336 527
198 404
220 396
242 399
259 416
238 417
216 414
357 423
375 409
396 409
415 419
397 427
376 427
230 562
259 555
285 553
303 558
322 555
344 561
367 570
343 596
319 606
299 607
279 604
254 589
241 565
283 571
302 573
321 573
356 573
320 583
300 584
281 580
