53 371
60 410
71 448
83 485
102 518
129 546
159 576
192 602
229 606
266 596
301 569
332 537
357 501
373 462
379 420
383 378
383 334
61 337
79 319
108 309
138 306
168 313
220 311
247 295
280 288
313 290
344 303
190 352
192 384
193 415
194 446
177 469
189 471
202 474
215 467
229 462
92 371
109 355
132 353
153 370
132 376
109 377
244 361
261 340
286 336
309 347
290 358
265 361
153 509
173 504
190 497
207 499
223 494
248 496
280 498
254 526
230 538
213 541
195 540
177 530
164 511
191 514
208 514
225 511
270 502
227 512
211 515
193 513
