97 327
104 371
116 412
128 455
146 493
174 525
208 554
247 580
292 585
337 572
377 544
413 511
440 473
455 430
461 383
467 337
469 290
110 299
131 277
162 269
195 270
228 278
280 272
314 257
350 249
388 251
419 266
257 313
258 344
259 375
260 407
235 429
250 434
266 438
283 431
300 425
150 328
168 314
193 313
213 330
192 335
168 336
316 319
334 300
359 297
382 306
363 317
339 321
211 477
232 467
254 460
272 464
290 458
319 462
352 468
323 491
295 504
276 506
257 505
235 495
221 478
255 480
273 481
292 478
342 471
292 478
274 481
255 480
