23 193
32 242
42 288
57 333
79 373
109 406
148 430
193 445
237 449
279 441
312 421
338 391
356 357
368 316
377 274
384 231
387 187
77 128
102 104
135 93
172 95
202 111
269 108
298 96
330 99
357 112
372 136
238 153
239 180
241 208
242 235
207 262
223 267
239 271
253 268
265 265
117 166
140 150
165 150
186 167
165 171
139 172
278 168
299 152
323 153
340 168
323 174
300 173
168 333
195 312
220 304
237 307
253 303
273 312
291 334
275 355
256 363
239 364
221 363
194 354
178 331
220 319
237 319
253 319
280 333
254 342
238 344
221 342
