84 164
81 208
83 254
90 299
105 341
130 377
159 412
192 443
230 453
272 449
315 428
352 396
387 360
411 317
424 271
431 223
433 174
98 117
117 97
144 92
172 95
199 109
260 114
292 101
328 99
361 109
385 132
227 159
224 191
221 222
218 253
189 272
204 278
222 285
241 280
261 276
127 162
145 153
165 156
186 171
164 170
142 168
278 175
295 161
318 162
342 171
319 176
296 177
159 321
183 315
207 311
226 317
244 314
276 320
312 326
278 366
245 379
225 380
204 376
180 359
169 325
206 326
225 330
244 329
303 329
245 358
226 358
206 354
