62 154
69 202
78 247
88 290
103 332
126 367
156 395
190 416
225 424
264 419
306 400
341 375
370 342
388 302
402 258
416 212
426 163
90 107
111 88
142 82
173 84
203 95
272 98
303 87
335 86
367 94
390 115
232 153
230 185
227 217
224 248
198 268
211 272
226 276
242 273
257 269
123 158
145 147
169 148
187 167
165 171
141 168
285 168
306 152
331 150
351 162
332 173
307 173
178 328
194 305
211 294
226 297
240 295
261 307
282 332
262 351
242 359
226 359
210 358
193 349
190 327
212 315
227 314
241 316
271 330
241 334
227 335
211 333
