97 165
96 205
100 242
109 280
124 316
147 349
172 381
201 413
237 426
280 422
321 398
355 364
384 327
402 285
411 240
419 192
423 144
101 117
119 103
145 101
170 105
194 115
248 116
281 103
317 98
353 103
383 119
223 156
221 193
218 228
215 264
190 281
205 287
220 293
239 288
259 285
124 159
141 149
164 151
183 169
161 172
138 170
281 169
301 152
327 150
351 160
329 172
303 173
169 317
186 319
204 317
223 325
240 319
268 325
302 328
269 353
241 360
223 359
203 354
186 341
177 323
204 331
223 336
241 335
291 330
240 336
222 337
203 331
