26 157
32 210
39 262
51 309
74 351
107 385
143 415
184 439
225 445
264 432
295 401
324 365
350 327
369 286
380 241
386 196
388 149
80 124
110 107
145 103
178 104
209 113
272 111
299 100
327 99
355 104
375 122
239 156
241 191
243 226
245 262
205 279
224 283
242 288
259 282
273 275
117 164
140 153
163 153
181 169
161 173
138 172
283 165
301 149
322 146
341 156
325 166
303 168
160 324
193 322
222 319
238 323
254 318
274 320
295 320
274 352
254 367
236 371
219 369
192 355
168 326
222 330
238 333
254 329
286 324
253 346
237 350
220 348
