106 166
102 205
106 244
117 283
134 321
155 356
178 388
203 417
238 429
281 424
329 401
374 371
414 335
439 292
453 244
460 192
461 142
113 108
128 97
148 95
170 98
191 105
250 100
285 91
321 88
357 94
387 110
224 156
220 187
216 217
211 248
196 274
208 278
221 281
237 279
254 277
132 153
148 143
170 144
189 163
167 167
145 165
283 163
301 143
327 141
352 152
332 164
305 167
182 331
191 315
207 306
222 311
236 308
263 319
291 336
263 353
239 359
223 359
208 356
192 346
189 330
209 328
224 329
238 330
279 335
236 332
222 331
207 329
