119 170
113 208
110 246
119 287
132 327
149 366
168 405
190 443
228 463
276 463
328 445
376 416
419 379
449 335
468 283
479 227
484 173
116 112
126 91
147 85
172 88
194 103
250 104
287 89
329 88
367 102
395 127
220 158
213 189
205 219
196 250
184 278
195 286
209 291
227 287
247 284
138 159
153 145
175 147
194 170
172 170
150 168
280 170
301 151
327 151
351 166
328 173
302 174
170 328
181 321
198 319
214 325
232 322
268 327
310 336
271 369
236 380
216 380
198 374
183 358
179 332
199 332
215 335
232 335
301 337
234 359
216 358
199 353
