39 187
46 233
55 279
64 324
81 364
112 397
153 422
198 438
243 440
283 426
318 399
346 366
367 330
380 290
384 249
387 207
387 165
73 147
98 120
133 108
170 109
203 121
254 116
287 107
320 103
351 111
370 135
236 159
239 191
243 222
246 255
205 277
224 280
243 283
258 280
274 276
117 171
139 158
163 158
183 176
163 179
138 178
277 173
297 154
320 152
339 165
323 173
299 175
150 322
185 313
218 306
238 311
258 307
283 312
306 321
282 345
258 358
237 362
216 360
184 350
159 323
218 324
238 325
258 323
296 323
257 339
236 342
216 342
