52 129
54 179
63 224
73 268
90 312
117 349
150 384
188 415
229 424
272 416
312 388
346 353
375 313
394 269
405 224
415 178
418 129
78 121
104 106
137 106
169 113
197 127
269 124
299 112
330 108
361 109
386 123
232 162
232 198
232 233
232 267
200 283
215 289
231 293
247 288
262 283
115 158
136 145
161 148
183 170
159 172
133 170
282 170
302 150
327 147
347 160
330 171
305 173
167 321
193 321
216 319
231 324
248 319
270 321
295 321
270 348
247 360
229 362
212 359
190 348
177 326
214 334
230 336
247 334
285 324
247 333
230 336
214 333
