39 152
42 198
50 245
63 290
86 332
117 370
149 405
186 434
228 443
270 433
302 399
331 363
359 327
378 287
387 245
392 204
392 161
86 128
113 113
145 109
177 112
208 123
268 124
294 113
323 110
351 112
373 128
234 165
235 203
237 240
238 276
199 286
217 293
237 300
255 292
271 285
119 167
140 156
162 157
182 174
161 175
138 173
280 173
299 156
321 154
341 165
324 171
302 173
149 313
182 312
214 312
235 315
257 312
282 312
308 313
282 353
255 370
232 373
209 371
179 353
158 317
213 323
235 326
256 324
298 319
255 348
233 351
211 348
