56 171
63 216
73 260
80 302
96 341
120 374
152 403
191 425
233 430
276 421
315 397
348 368
374 336
388 296
394 254
402 211
407 166
77 136
98 107
133 95
169 96
202 108
252 104
288 95
325 93
361 108
381 139
232 151
232 183
232 215
232 247
200 269
216 274
232 279
249 274
264 270
119 161
140 148
165 148
186 166
164 170
139 170
281 165
302 148
326 148
347 162
328 170
303 169
172 330
192 315
214 305
233 311
251 307
272 315
292 330
273 348
253 357
233 359
213 356
191 349
183 329
214 327
233 329
252 327
280 330
252 330
233 332
213 330
