47 143
48 191
54 236
65 280
87 320
117 356
151 389
189 417
230 426
270 420
306 391
339 356
367 318
386 276
397 231
408 185
411 137
80 108
111 97
143 99
173 106
202 118
262 120
293 108
322 102
353 101
381 111
232 159
233 196
234 234
235 270
202 283
217 289
233 295
249 289
265 284
117 156
138 144
162 147
181 165
159 168
135 166
282 165
301 147
325 145
345 156
327 166
304 168
168 322
195 318
217 314
234 319
251 314
273 319
296 326
273 349
252 359
233 361
215 359
193 348
179 327
217 332
234 333
252 332
284 330
251 332
233 333
216 331
