44 114
48 166
57 216
69 263
90 307
121 346
155 384
190 415
229 422
266 414
300 385
332 351
358 312
374 267
386 221
398 173
404 123
82 111
109 96
141 94
172 101
203 113
265 109
296 99
326 96
355 100
377 115
233 158
233 193
234 228
235 263
201 275
217 282
233 288
249 282
263 277
113 155
136 143
163 147
182 167
159 172
132 169
280 167
300 147
325 145
345 157
329 170
304 172
175 327
196 316
216 310
231 315
247 311
267 318
289 326
267 349
248 361
230 363
214 361
194 352
186 329
216 326
231 327
247 326
277 328
247 335
230 338
215 336
