135 193
133 241
142 291
156 339
171 387
191 433
214 473
242 509
284 524
336 521
391 502
441 473
483 430
511 376
529 315
541 253
546 188
135 139
152 122
178 122
205 129
231 141
308 139
345 120
388 111
433 115
473 134
265 188
260 222
253 256
245 291
232 323
244 330
259 333
279 331
300 327
163 189
183 172
213 172
234 197
209 205
180 204
338 195
366 169
400 167
427 184
402 200
368 200
223 404
232 379
248 365
265 372
283 365
317 381
351 408
321 435
290 444
269 444
250 441
234 427
235 404
249 395
266 396
286 397
339 406
287 408
268 408
250 405
