45 163
48 210
56 256
65 301
81 342
106 377
141 405
181 426
221 433
259 426
293 404
322 375
342 338
355 297
367 257
375 214
375 171
81 122
104 100
134 95
165 98
194 110
275 110
300 100
327 96
352 101
369 120
236 157
236 188
237 217
238 248
202 271
219 276
235 280
250 276
263 272
117 161
137 148
163 148
183 166
162 171
136 171
277 168
299 150
323 150
339 164
324 174
300 174
170 332
193 315
218 305
233 309
250 306
270 315
289 334
270 355
249 364
231 366
214 364
190 354
181 331
217 327
233 328
249 327
276 333
249 335
232 336
216 335
