71 186
74 230
82 272
91 312
104 351
124 384
153 411
190 429
233 433
278 429
320 411
356 385
383 351
398 311
407 267
415 223
420 176
87 139
104 114
133 101
165 101
195 112
263 112
294 96
329 93
363 105
385 130
228 155
227 181
226 206
225 232
201 264
215 267
229 269
244 266
261 261
120 175
140 163
162 160
186 172
163 177
140 178
281 169
303 156
327 156
349 168
326 172
303 171
171 332
190 306
212 292
230 296
245 292
271 303
296 328
272 346
247 354
230 355
211 354
190 348
184 330
212 318
230 317
247 317
283 326
246 326
230 327
212 327
