98 168
97 206
100 245
107 284
118 324
137 360
163 391
192 417
228 429
269 428
313 410
353 384
384 348
405 304
419 259
431 211
438 162
111 112
126 97
149 93
172 96
195 107
267 107
298 94
331 91
363 100
389 119
227 156
223 187
218 217
213 246
193 269
205 275
218 279
235 276
251 273
134 161
153 148
176 148
195 167
173 173
149 171
283 168
308 151
333 150
354 166
334 175
308 174
172 328
185 311
202 303
218 308
233 305
261 317
291 335
262 358
235 364
218 363
201 360
184 349
181 328
203 326
218 327
234 328
279 335
234 337
218 336
202 333
