56 162
62 208
72 252
79 295
93 337
118 373
152 404
192 425
236 430
278 420
316 395
349 364
375 331
387 290
391 248
399 206
405 162
79 133
101 107
135 96
170 98
202 109
254 106
288 98
322 96
356 107
377 133
232 153
232 185
232 216
232 248
201 269
216 275
232 280
248 275
263 270
119 162
140 149
166 149
186 166
165 170
139 170
281 165
302 149
326 150
346 163
327 170
303 169
172 330
193 315
215 306
233 311
250 306
271 315
291 331
273 349
252 359
233 360
213 358
191 351
183 330
215 328
233 329
251 327
279 331
250 331
232 333
214 331
