97 196
93 237
97 277
104 317
112 357
126 392
150 421
182 440
224 447
271 441
316 428
359 407
391 378
409 339
421 294
432 249
440 203
107 138
122 116
146 105
174 104
201 114
271 111
302 98
337 96
369 106
393 130
230 157
226 177
220 196
215 215
195 258
208 260
222 262
238 259
256 256
129 180
146 167
170 164
193 178
169 184
145 185
286 174
309 158
335 159
358 173
336 180
309 179
169 336
181 303
203 286
218 290
233 286
260 301
288 333
262 353
236 363
219 365
202 364
182 358
179 333
204 315
220 314
234 314
276 331
234 335
219 336
203 336
