131 216
128 262
135 307
150 351
169 393
192 434
223 469
260 498
302 511
353 509
406 488
453 459
489 420
514 372
529 319
540 262
544 202
131 154
144 131
172 125
200 128
228 139
307 134
346 116
392 110
437 122
471 150
264 188
259 223
254 258
248 293
230 323
244 329
262 334
283 328
304 322
160 198
178 181
205 180
229 201
203 205
177 206
337 197
364 176
394 175
423 191
396 200
365 201
214 399
228 379
247 365
266 370
284 364
317 378
353 398
322 422
291 432
271 432
251 430
231 420
226 399
249 390
268 391
286 390
338 397
288 400
269 401
250 399
