64 154
66 197
73 241
83 283
99 324
126 359
160 390
197 416
238 426
280 422
320 399
354 371
380 337
398 296
410 253
419 208
422 160
90 115
110 98
138 93
167 96
197 106
267 109
297 98
330 94
362 102
386 123
229 157
229 186
228 214
227 243
201 267
214 271
228 275
242 272
257 269
120 159
138 145
164 145
184 165
162 171
136 170
281 168
301 149
328 147
349 162
330 174
303 174
181 335
196 315
213 305
230 309
244 304
267 315
288 335
269 351
248 357
231 358
214 356
197 350
192 333
214 325
230 326
245 325
277 333
246 332
231 332
214 331
