50 151
54 198
61 242
71 286
92 324
124 358
162 388
205 415
249 423
288 411
322 378
351 347
379 314
394 276
401 233
405 191
404 147
95 125
125 113
157 113
188 118
217 130
287 125
309 109
334 101
360 99
379 112
254 158
257 194
261 229
264 265
227 282
243 285
259 290
272 284
284 277
132 167
151 158
174 159
196 169
174 173
151 175
283 165
303 150
328 149
348 156
329 166
305 167
180 321
213 321
238 319
254 322
269 317
284 317
307 314
286 332
270 339
255 342
238 341
213 337
193 324
238 332
254 333
270 330
296 319
270 320
254 324
238 324
