65 178
68 220
76 261
82 301
95 339
117 370
148 395
184 416
223 427
263 425
299 409
330 386
356 357
374 321
384 279
394 236
400 190
84 129
105 104
136 96
169 100
199 112
263 113
295 103
330 104
361 117
380 143
232 158
232 187
231 215
231 244
199 269
215 274
231 279
247 275
263 271
117 162
138 149
163 149
183 167
162 170
137 171
277 169
300 150
324 151
344 165
325 171
300 171
175 330
196 312
217 302
231 306
246 302
268 315
290 332
269 353
248 360
231 362
215 360
194 351
186 329
217 321
231 321
247 321
280 331
247 338
231 339
217 337
