98 161
96 201
97 241
108 279
125 317
149 352
175 386
201 423
235 439
278 438
325 419
368 391
407 356
434 313
447 262
457 207
461 150
102 110
122 97
148 98
174 105
197 120
244 124
278 107
319 101
360 109
395 128
218 164
215 199
211 235
207 270
186 284
200 292
217 297
236 292
257 287
124 155
142 145
165 146
185 168
161 170
139 167
276 171
299 151
324 150
351 163
326 173
300 174
171 317
188 318
206 318
223 323
240 320
276 323
318 322
280 360
246 374
226 374
208 369
190 351
181 323
206 330
223 334
240 333
309 325
244 351
226 351
208 345
