47 160
49 206
57 252
63 297
79 338
103 373
138 403
179 425
219 433
257 426
292 404
322 374
343 337
357 296
368 255
376 213
375 170
82 120
106 99
137 94
168 98
196 111
274 111
299 99
326 96
352 101
368 121
236 157
236 187
237 217
238 247
202 270
219 275
235 280
250 276
263 272
117 160
138 146
163 147
184 166
162 170
137 170
277 169
299 150
323 150
340 164
324 174
300 174
169 332
194 315
219 305
234 309
249 305
270 315
289 333
270 355
249 365
231 367
215 365
190 355
181 331
219 326
233 327
249 326
276 332
248 335
232 337
217 336
