95 216
99 266
109 314
121 360
140 403
168 440
201 470
238 494
279 503
320 497
360 473
395 442
426 406
445 361
455 310
462 258
462 203
115 172
138 151
171 145
203 148
235 157
321 153
351 135
385 129
420 134
445 157
280 198
282 239
285 278
287 318
249 339
269 344
288 349
306 343
324 336
156 204
177 189
204 189
228 211
202 213
176 213
336 203
359 179
387 175
410 190
391 201
362 203
191 391
226 384
259 379
281 384
299 378
328 383
360 387
329 418
300 434
278 437
255 435
223 423
203 393
259 393
281 397
300 394
349 390
299 406
278 410
256 409
