75 202
73 242
78 281
84 320
91 361
109 399
142 426
182 444
230 451
281 446
329 431
371 408
398 374
412 333
419 290
427 246
428 202
96 136
115 114
143 105
174 107
203 119
249 120
282 109
321 106
356 114
384 138
228 157
227 178
224 199
222 222
200 262
213 265
228 267
245 264
260 259
126 175
145 159
169 156
191 172
168 176
145 177
283 171
306 156
330 158
352 173
330 177
305 174
168 336
188 309
212 293
230 298
246 293
272 307
298 335
273 352
246 360
229 362
210 361
187 354
181 334
213 320
230 321
246 320
284 333
245 332
229 332
212 332
