3 150
9 205
21 259
36 309
64 351
103 387
146 414
194 433
237 434
271 416
291 379
313 346
336 315
354 280
367 243
370 206
366 168
64 128
95 107
135 101
173 106
208 122
275 120
298 107
322 102
345 102
360 118
245 166
250 201
255 236
260 271
208 288
230 292
250 298
266 292
280 283
108 165
133 151
159 155
182 176
157 177
130 175
278 174
297 150
320 148
338 159
325 171
301 173
149 322
186 319
221 316
241 320
259 314
276 314
294 313
277 346
260 366
240 372
219 372
184 358
158 324
221 330
241 331
259 327
282 319
259 343
240 349
219 350
