54 165
60 211
70 256
79 299
94 340
119 374
152 404
191 425
234 431
277 421
316 397
349 367
374 333
387 292
392 250
400 207
405 163
79 132
101 106
134 95
170 98
201 109
254 107
288 97
324 95
359 107
379 135
232 152
232 184
232 216
232 248
201 271
217 275
233 280
249 276
264 271
119 162
139 149
165 150
185 166
164 170
139 170
281 164
301 149
325 150
346 162
326 169
302 169
173 332
193 316
215 307
233 312
251 308
272 317
291 331
273 349
253 358
233 360
213 357
192 350
184 331
215 328
233 330
252 328
280 332
251 331
232 332
214 330
