90 212
87 260
93 310
103 359
122 405
148 447
182 482
224 509
272 519
320 514
364 489
399 456
426 416
446 369
459 320
469 270
471 219
115 153
142 128
180 120
219 124
257 138
315 142
349 128
387 124
423 134
447 161
280 189
278 222
276 256
274 291
240 321
257 327
276 332
295 327
314 321
147 197
170 182
198 181
224 201
197 205
169 205
336 201
362 182
390 182
413 198
390 207
362 205
205 398
230 376
255 363
274 368
293 362
320 375
348 398
322 424
297 433
276 435
255 433
230 422
219 398
255 389
275 389
294 389
333 399
296 399
276 399
256 397
