49 164
49 212
55 258
66 302
83 342
110 374
147 396
187 412
225 416
261 409
292 389
320 364
342 332
360 299
372 260
379 219
382 178
81 127
106 104
140 98
174 104
205 119
275 120
303 109
332 104
361 110
378 130
238 161
238 192
237 222
237 252
199 271
216 275
233 281
249 276
264 271
119 164
140 151
164 152
186 169
163 171
138 171
278 171
301 154
325 156
343 169
325 175
301 174
167 324
192 310
215 301
231 306
247 302
264 310
279 327
261 340
245 347
227 349
210 348
189 343
177 323
213 321
230 322
246 320
268 325
245 323
228 325
211 324
