95 174
94 215
100 256
110 295
120 335
135 371
160 402
191 426
232 436
278 433
325 416
366 390
397 356
420 315
432 270
444 222
453 172
101 116
116 97
140 89
166 91
191 102
269 105
300 94
335 90
367 100
392 121
226 155
222 184
217 212
211 241
195 267
206 272
219 275
235 271
251 268
127 164
145 149
171 149
192 167
168 174
143 174
283 167
305 149
332 150
355 164
332 173
305 172
176 335
187 311
205 300
221 304
235 301
261 312
289 337
262 358
236 363
220 363
203 361
186 354
186 334
205 324
221 324
236 324
276 336
236 337
221 337
205 335
