141 184
134 218
137 255
146 293
156 334
169 372
186 410
209 436
242 445
289 439
341 423
394 402
438 374
467 336
482 289
490 237
496 186
128 120
138 101
157 93
179 95
199 104
263 97
297 81
335 78
371 90
399 117
225 152
216 182
206 210
195 239
189 271
200 276
211 279
227 274
245 271
145 165
160 149
182 148
202 165
181 170
159 171
287 161
309 143
335 143
358 157
337 165
310 165
178 338
185 317
199 306
212 311
226 307
257 319
293 337
259 357
232 365
216 366
202 365
188 358
188 337
201 329
213 329
227 329
279 336
229 340
215 340
202 339
