133 167
123 206
122 247
132 288
145 328
161 365
180 402
199 435
230 450
272 453
324 439
374 417
417 386
447 343
463 290
474 232
479 176
128 105
142 92
163 93
183 98
201 109
249 100
286 84
326 80
366 89
400 110
220 148
213 180
204 211
195 243
186 267
196 274
208 279
225 276
244 273
145 155
159 143
181 143
200 160
179 163
158 163
282 159
305 143
331 142
356 155
332 163
306 163
178 333
182 317
194 308
207 315
222 312
253 326
291 343
255 365
226 369
209 368
196 364
184 353
188 334
196 330
208 333
223 334
278 343
223 342
209 340
196 336
