68 188
74 244
86 297
95 350
111 402
140 446
180 483
227 509
280 515
332 504
378 475
418 438
448 397
463 347
470 296
481 244
487 190
99 153
124 126
162 114
202 116
238 128
308 127
347 116
387 113
427 125
454 153
278 183
278 221
278 259
278 298
241 323
259 329
278 335
298 329
316 323
143 192
167 178
197 178
222 198
196 202
166 203
336 197
361 178
390 179
414 193
391 203
363 202
206 397
230 377
257 366
278 373
299 367
325 378
350 397
327 420
301 431
279 433
256 430
229 421
219 397
257 392
278 394
300 392
337 397
300 397
278 399
257 397
