103 175
99 213
102 253
110 290
122 328
138 363
161 395
189 423
225 436
268 435
315 420
359 400
398 371
425 333
439 286
447 235
454 185
109 122
124 104
148 99
174 102
199 111
261 110
296 98
332 95
368 104
397 127
225 155
221 184
215 214
210 243
192 269
205 274
218 277
234 275
250 272
132 167
150 154
172 152
191 169
170 173
148 173
285 168
309 152
333 151
355 165
333 172
308 172
171 331
185 315
202 305
218 310
235 306
262 317
292 335
263 356
236 364
218 364
200 361
184 351
182 330
202 329
219 331
235 330
279 335
235 334
218 334
201 332
