98 197
96 245
100 295
108 345
125 392
150 433
185 470
226 499
272 508
320 502
365 477
403 439
432 396
452 346
465 296
475 244
479 192
114 135
144 117
181 115
216 122
250 136
313 141
346 123
384 114
424 113
457 136
280 184
279 224
278 264
277 303
240 328
258 333
278 337
297 333
315 328
148 188
170 173
198 173
223 195
195 201
166 201
338 197
361 175
390 172
415 185
394 199
364 201
213 402
236 384
259 370
278 376
295 369
319 381
343 398
321 425
298 435
279 436
258 434
236 423
226 401
259 396
278 397
296 396
331 399
296 400
279 402
259 400
