71 158
67 200
74 242
82 283
96 325
119 363
151 393
189 416
229 423
271 417
307 394
338 364
362 326
380 286
393 245
402 203
401 162
95 129
120 116
149 115
178 122
201 132
266 126
292 115
321 109
349 112
371 126
235 163
235 193
235 222
234 252
202 271
217 276
233 281
249 277
263 272
121 158
140 147
163 150
182 168
161 170
138 168
282 167
301 148
323 146
342 157
326 167
304 170
173 331
194 313
216 305
231 310
248 305
269 315
289 331
269 349
248 355
231 356
214 355
193 347
182 330
215 319
231 321
248 320
280 331
248 336
231 337
215 335
