146 155
139 192
139 231
151 271
170 310
186 350
199 391
213 432
244 448
291 446
348 422
401 390
453 353
493 309
511 251
514 189
514 129
124 93
129 76
147 74
166 79
186 90
238 86
278 71
322 67
366 76
401 99
215 148
204 184
192 218
179 252
173 272
186 282
201 287
221 282
243 279
143 146
156 135
179 136
201 154
178 159
155 158
280 155
302 136
330 135
359 145
334 158
305 160
185 336
182 322
194 317
206 323
223 319
258 328
296 343
262 369
231 380
213 381
199 377
188 363
191 337
197 336
209 339
226 338
282 343
227 350
210 350
197 347
