117 150
114 194
123 236
136 277
154 318
177 352
200 385
223 413
251 426
290 424
336 406
380 380
418 349
444 308
456 258
462 204
460 152
107 96
125 87
147 89
168 97
188 111
243 112
277 100
314 96
351 98
388 112
218 155
214 190
210 226
204 261
190 278
201 287
216 293
233 289
251 284
133 143
147 131
170 134
189 157
167 160
144 157
278 160
299 139
325 138
351 151
328 163
302 165
185 333
193 327
206 323
220 330
232 326
263 333
296 341
265 357
239 364
224 364
210 360
197 349
190 334
208 339
222 344
235 343
288 341
236 342
222 343
208 340
