109 187
102 228
104 268
114 309
126 349
142 387
166 418
196 437
236 442
279 438
319 424
353 400
378 369
400 331
417 288
425 244
428 201
117 123
134 103
158 97
186 98
214 106
265 104
297 91
333 88
367 97
393 119
230 152
224 177
217 202
210 227
189 266
203 269
218 272
236 268
254 264
132 169
150 156
174 155
195 170
172 177
148 178
285 166
309 149
336 150
360 164
336 173
310 172
169 338
181 311
201 296
217 300
232 295
261 308
290 331
263 349
238 359
222 361
204 360
185 354
181 335
202 324
219 323
234 322
277 330
235 329
220 331
203 331
