99 178
95 220
100 263
108 303
122 341
142 376
168 409
197 437
234 447
279 444
326 424
370 396
406 360
430 315
445 263
457 210
464 156
104 116
119 98
144 93
171 95
198 104
259 105
293 92
332 88
369 97
397 120
221 148
217 182
212 216
207 251
192 273
204 276
218 280
233 276
249 272
131 161
148 149
170 147
188 162
167 168
145 168
283 160
305 146
330 146
352 158
330 166
305 165
175 337
188 319
204 310
221 314
237 309
263 319
293 333
267 360
241 369
223 370
205 367
189 359
188 337
205 329
222 330
238 329
280 334
239 342
223 342
205 340
