53 163
61 209
71 253
80 296
94 338
119 374
153 404
191 425
235 431
277 421
316 396
349 366
374 332
387 291
393 248
401 206
405 161
77 133
99 107
132 96
168 98
200 108
254 106
288 96
323 94
357 106
377 132
232 152
232 184
232 216
233 248
201 270
217 275
233 279
249 275
265 270
118 162
139 149
165 148
186 166
164 170
139 170
280 164
301 147
326 148
346 161
327 169
303 169
173 331
193 315
215 306
234 311
252 307
272 315
291 331
274 349
253 358
233 360
214 358
191 350
184 330
215 327
234 328
253 327
280 331
252 332
233 333
214 332
