47 244
52 295
63 345
72 394
89 439
121 477
165 502
217 519
272 525
324 521
369 503
406 472
430 432
443 384
451 335
459 286
458 234
95 164
120 134
158 119
198 119
234 133
310 133
348 124
387 126
420 141
441 171
279 189
281 217
285 244
288 272
244 316
264 320
284 322
302 320
317 318
139 207
165 188
194 187
220 208
195 212
164 213
331 210
359 191
387 193
407 212
387 217
359 215
202 400
235 371
267 353
286 357
306 352
333 369
356 399
335 421
309 429
288 430
266 429
235 420
217 399
267 383
286 383
306 382
342 397
307 396
287 396
267 395
