75 323
74 362
80 403
90 443
104 481
124 514
149 544
177 570
213 579
253 573
296 550
333 523
363 490
380 450
388 408
393 363
395 318
86 278
106 265
132 261
158 264
182 276
237 275
266 262
298 259
331 266
356 283
209 314
207 345
206 376
204 407
179 429
193 433
207 437
222 434
238 430
111 312
129 301
150 303
168 323
147 324
126 322
260 323
279 304
302 302
323 314
305 324
281 325
155 478
173 467
192 461
208 466
225 461
251 469
280 478
254 504
228 514
209 515
192 513
172 501
164 480
193 480
208 482
226 480
270 479
227 486
209 487
193 484
