61 449
68 494
79 538
92 580
111 621
137 657
167 691
198 723
234 734
275 729
321 702
364 666
400 622
425 573
437 519
446 462
449 404
62 416
84 400
114 403
144 412
172 426
226 421
263 404
303 394
346 397
383 411
201 467
200 502
199 537
197 573
181 589
193 595
207 599
223 595
240 592
99 459
119 448
146 450
166 472
142 478
115 475
265 473
286 451
315 448
340 460
320 475
291 478
175 638
190 632
204 627
218 632
233 628
261 636
292 643
264 671
237 678
220 677
205 672
191 660
186 640
205 642
218 645
234 644
280 643
234 648
219 648
205 644
