40 309
43 361
50 411
60 462
81 506
112 546
147 583
186 614
229 624
274 615
317 587
356 551
388 511
409 465
419 414
427 362
432 308
61 279
89 263
123 265
154 275
184 292
260 294
293 278
328 270
365 270
397 286
219 332
218 369
218 405
217 440
184 458
200 463
218 468
238 463
258 460
99 327
122 316
147 319
168 340
144 340
118 337
281 343
303 322
329 320
353 332
332 342
306 344
135 488
169 489
201 490
223 495
246 490
283 491
322 491
286 535
248 555
223 556
198 553
167 533
146 493
200 506
223 509
246 507
311 495
247 528
223 531
200 527
