55 398
58 451
67 504
77 554
95 601
124 643
161 677
208 698
257 703
304 694
346 667
383 636
410 598
426 552
435 503
443 453
446 402
99 365
128 345
166 341
203 350
237 366
300 369
331 355
363 347
397 352
421 372
268 411
267 443
267 474
268 506
234 532
250 536
266 539
282 535
296 532
142 408
164 393
191 396
212 419
188 423
160 421
315 422
334 398
361 397
381 411
364 423
338 425
193 593
224 576
253 565
268 568
283 565
308 575
329 593
309 623
285 636
268 637
249 635
222 623
205 594
252 590
268 590
283 590
318 595
283 602
267 602
250 601
