60 299
67 348
76 395
85 441
103 485
135 522
176 552
224 574
273 578
319 569
359 541
394 510
421 472
432 427
434 380
438 335
442 289
103 271
137 257
174 259
209 265
242 278
301 275
330 261
361 253
394 255
420 269
270 311
272 340
273 369
274 399
244 425
259 427
274 431
287 427
300 423
143 311
166 298
193 300
212 322
189 328
163 325
321 320
337 297
363 293
384 306
368 319
343 323
197 477
230 469
258 462
274 466
290 461
314 467
341 472
316 494
293 504
275 507
257 506
230 497
208 479
257 481
274 483
291 480
330 475
291 480
274 482
258 481
