67 333
71 380
77 426
87 470
105 510
135 544
173 571
215 593
260 601
303 592
338 567
368 535
390 500
404 460
411 417
415 374
416 330
108 283
134 266
165 259
198 263
228 274
284 270
312 257
342 254
372 261
393 280
258 318
260 351
262 384
264 417
233 441
248 445
263 449
277 444
291 439
147 325
167 311
191 312
212 332
190 337
165 336
298 329
317 308
341 306
360 319
345 331
321 333
199 489
226 479
248 472
264 476
279 471
298 478
320 485
299 506
281 516
264 518
247 517
225 508
209 490
248 490
264 491
279 489
311 487
279 491
264 493
248 492
