42 228
46 276
51 321
59 366
80 406
113 440
150 472
192 503
237 513
281 502
322 474
362 443
394 406
412 362
419 314
425 267
427 218
62 203
86 185
120 183
153 188
184 202
259 204
292 189
326 186
362 192
391 207
223 248
225 282
227 316
229 349
193 367
210 372
228 377
246 372
263 368
101 243
124 230
150 233
172 256
147 257
121 255
278 258
299 236
325 235
350 248
328 257
302 260
155 400
188 401
214 399
232 403
252 397
281 399
315 398
284 430
255 443
234 444
214 443
187 432
167 405
213 415
232 416
252 414
303 401
253 417
233 419
214 418
