36 336
39 387
49 435
61 481
77 524
101 561
134 591
175 611
221 620
269 614
317 598
363 576
399 544
422 501
437 451
448 400
455 345
56 277
78 252
110 241
145 244
177 257
256 257
294 243
335 242
372 256
401 284
213 309
211 340
208 371
205 402
177 432
192 438
209 443
228 438
248 434
96 321
117 304
143 304
167 324
142 329
115 329
274 325
299 304
326 306
351 323
327 330
299 329
143 497
170 482
194 472
211 476
230 472
261 482
299 496
263 517
233 524
213 525
193 523
170 517
156 497
194 496
211 497
230 496
286 496
231 498
212 498
195 497
