19 376
17 418
23 461
32 503
47 547
69 587
96 622
130 650
169 660
211 654
257 634
298 607
330 573
352 530
365 482
371 432
371 383
26 315
39 294
64 287
92 291
116 306
178 304
212 288
250 283
287 294
316 314
147 361
144 395
140 429
137 464
116 486
130 492
146 496
163 492
181 488
54 366
71 352
95 354
116 374
94 378
69 377
204 374
224 353
251 351
274 366
255 375
227 377
103 544
120 536
139 529
153 533
168 530
195 536
228 542
198 569
172 581
155 582
139 580
120 570
113 547
140 549
154 550
170 548
216 545
169 555
154 557
140 555
