3 203
12 253
23 301
37 348
61 387
100 415
145 432
193 445
237 449
276 444
309 422
334 394
351 359
362 320
371 281
376 239
374 198
63 131
89 103
124 89
164 89
200 102
257 106
286 96
318 99
345 115
360 141
236 155
239 178
243 200
247 223
208 259
225 263
241 265
254 264
268 263
108 164
131 152
156 152
177 169
155 173
130 173
270 174
290 158
314 161
331 176
314 183
291 181
178 335
203 305
228 290
243 296
258 292
276 310
291 341
275 354
258 358
242 357
225 355
202 348
190 333
227 321
242 321
257 323
280 338
258 331
242 331
228 329
