64 169
66 212
70 255
75 300
89 342
115 377
149 407
190 428
233 434
275 428
312 409
343 381
367 349
382 309
391 266
396 223
396 180
88 122
110 103
140 97
171 98
201 109
267 104
296 94
326 95
355 101
377 119
233 155
233 186
233 218
232 249
204 272
217 277
232 282
247 278
261 273
122 162
141 149
166 150
185 169
163 173
139 172
281 168
299 149
324 148
345 161
326 171
302 172
172 331
194 321
216 315
233 319
249 315
269 321
294 331
271 348
251 356
233 357
215 355
194 348
184 332
215 333
233 334
249 333
282 333
250 332
233 335
215 333
