54 188
62 230
72 271
81 311
99 347
124 379
158 405
196 425
236 431
275 424
313 403
344 378
367 347
381 311
388 271
393 230
397 189
85 132
105 108
137 100
170 101
202 113
261 112
292 101
324 99
356 109
376 131
232 155
233 181
234 206
235 231
206 263
220 266
235 269
249 267
262 265
119 166
138 154
162 154
182 171
161 174
137 174
281 172
300 156
323 155
343 168
325 176
302 176
180 336
199 310
221 298
235 302
250 299
271 312
288 337
271 355
250 363
234 363
218 362
197 354
189 334
221 318
235 318
250 318
278 335
249 342
234 343
219 342
