94 153
97 194
103 235
112 275
127 315
143 356
164 395
192 425
229 438
271 432
314 404
348 366
379 323
400 281
410 233
415 185
418 137
96 126
112 110
138 106
166 108
194 120
258 123
288 110
323 107
355 111
381 129
223 162
222 201
221 239
220 277
192 283
207 290
226 297
246 290
265 283
124 158
141 151
163 152
183 169
159 170
138 167
283 170
302 155
326 153
348 161
327 169
303 171
159 316
182 317
209 318
230 323
250 318
281 316
311 315
282 353
251 370
229 372
206 368
180 351
167 319
208 329
230 333
250 329
300 318
250 352
229 355
207 351
