62 162
60 207
64 253
70 298
88 339
116 375
147 408
184 434
223 442
261 433
295 408
328 379
357 349
379 312
387 270
390 227
391 183
86 134
110 115
143 110
174 116
201 130
265 127
291 115
318 111
346 114
368 130
234 167
234 199
233 230
233 262
192 279
211 283
229 288
248 284
266 281
121 168
142 157
164 159
183 177
163 178
140 176
282 177
300 159
322 158
341 169
324 177
303 179
149 315
179 314
210 311
227 316
248 313
276 318
305 319
274 351
246 366
225 369
205 366
176 350
158 318
209 324
227 327
247 324
296 322
247 346
226 348
207 345
