112 169
105 207
107 247
119 285
138 325
160 362
184 394
208 427
238 442
275 440
321 422
365 397
404 365
434 322
452 272
462 220
464 168
112 104
126 93
145 95
166 103
184 116
252 114
283 102
317 98
350 105
381 119
215 160
210 193
204 227
198 261
182 276
195 285
211 292
231 287
251 280
128 153
143 140
166 143
186 165
164 167
141 165
276 169
298 148
324 147
348 162
325 171
299 172
178 324
190 320
205 316
221 322
238 318
272 325
310 331
275 357
243 365
224 365
206 360
191 346
188 330
205 334
222 337
239 337
299 333
240 341
222 340
205 336
