100 162
100 202
109 243
122 283
138 324
157 361
180 396
210 419
244 426
283 422
325 405
362 377
392 340
415 296
428 249
441 200
449 149
96 113
112 96
137 91
164 95
189 105
248 101
283 90
321 88
359 96
388 115
218 152
215 184
210 216
206 246
191 273
202 276
215 277
231 274
249 272
126 156
143 144
166 145
184 163
163 167
141 166
276 162
297 145
321 144
345 156
323 167
298 167
186 336
195 319
208 309
225 314
242 307
268 316
296 330
273 351
250 360
231 362
212 360
198 351
196 336
210 329
227 330
244 328
284 330
246 334
229 336
211 335
