81 143
85 188
92 231
100 276
114 319
135 358
161 395
191 428
228 441
273 436
321 414
368 384
408 347
435 302
450 251
461 197
470 142
92 106
110 89
137 86
165 91
191 103
260 105
295 94
332 92
368 100
401 117
223 156
220 191
216 226
213 260
192 277
204 284
218 289
235 285
252 280
120 152
140 140
166 142
185 164
161 169
136 166
281 167
302 148
329 147
354 160
331 172
304 172
177 328
193 324
208 321
223 326
238 322
263 326
296 330
265 355
239 367
222 368
206 365
191 353
187 333
208 335
224 338
239 337
283 333
238 343
223 345
207 341
