76 152
77 197
85 241
95 284
110 324
133 358
163 387
195 413
232 422
271 415
313 391
351 362
382 328
403 288
414 243
422 197
426 150
84 115
106 97
136 94
167 98
195 112
255 115
290 102
326 97
362 102
389 121
227 159
227 191
226 222
226 254
199 273
213 278
228 282
245 279
261 275
118 158
139 149
163 152
183 170
161 173
136 171
278 172
298 153
324 152
347 162
327 173
301 175
171 325
197 317
216 311
230 316
246 313
268 322
295 331
267 349
244 357
229 357
212 354
193 344
183 328
215 329
230 331
246 331
283 332
244 330
229 330
214 328
