28 166
32 213
39 259
47 305
66 347
101 381
143 410
188 434
232 443
275 434
313 405
348 372
375 334
391 291
397 246
401 203
403 159
76 134
105 115
140 110
176 115
209 126
260 123
291 111
324 106
356 111
379 130
236 165
238 196
240 227
242 257
206 280
224 283
240 287
255 282
269 279
117 171
140 158
165 159
183 177
162 180
137 178
280 174
299 154
322 153
344 165
325 173
302 175
157 323
190 319
218 315
236 319
255 314
278 315
304 318
280 343
258 356
238 359
218 358
190 347
168 326
218 332
236 333
256 330
294 322
256 332
237 336
218 334
