79 161
78 205
84 248
93 290
107 330
131 366
162 397
198 420
236 426
277 418
314 395
346 366
369 333
385 294
397 254
407 211
409 166
93 125
117 109
147 105
177 110
204 121
262 122
292 112
324 110
356 115
383 131
231 159
229 194
227 228
225 263
195 281
211 286
229 291
247 285
265 279
123 160
143 146
168 148
188 169
164 171
140 169
281 171
300 151
325 150
347 164
327 173
302 173
168 327
193 324
216 318
234 323
250 316
273 321
300 322
274 345
252 357
234 361
216 360
193 349
179 331
216 335
234 337
250 333
288 325
251 333
234 337
217 335
