54 155
61 203
73 248
83 292
100 334
125 369
156 400
194 424
234 431
276 422
316 399
349 369
374 330
388 287
396 242
406 196
412 147
76 124
101 102
136 97
171 103
205 115
255 115
288 104
321 100
355 105
380 123
230 156
231 187
233 218
234 249
203 271
218 276
233 280
248 276
262 271
116 161
136 147
161 148
180 168
158 171
134 171
281 169
299 150
323 149
343 163
326 171
302 172
180 333
199 315
217 306
232 311
249 307
268 316
287 333
268 348
250 354
232 356
215 354
198 348
192 331
217 326
232 327
250 327
276 332
249 328
232 330
216 329
