98 164
96 211
101 256
112 301
125 344
144 382
168 413
197 439
234 450
280 445
331 427
377 398
416 360
442 314
458 264
466 209
470 156
105 110
122 90
147 86
173 90
197 102
252 101
285 90
322 88
357 95
388 112
224 152
221 184
216 216
212 248
195 276
207 281
220 284
236 281
252 277
133 152
152 137
177 139
196 163
172 166
148 163
280 163
300 141
326 141
349 156
328 165
302 166
179 340
190 325
207 316
221 321
235 316
261 324
291 340
262 360
237 370
221 373
206 371
190 363
187 342
207 333
221 334
236 333
281 340
236 349
221 351
207 350
