92 174
90 214
94 252
107 288
130 321
158 352
185 384
212 414
244 426
280 422
317 399
352 370
384 336
407 298
419 255
425 209
426 162
92 125
112 111
138 111
165 114
191 125
256 128
289 113
326 109
363 115
394 130
222 168
221 205
219 241
217 278
192 286
208 292
225 297
244 291
263 286
120 163
138 150
162 153
183 176
159 178
134 176
279 174
300 153
326 150
351 161
330 174
303 176
173 316
193 322
213 322
231 326
248 322
278 322
316 313
282 343
252 357
233 359
214 356
195 342
182 321
213 333
231 336
249 333
306 317
250 335
232 337
213 333
