61 213
65 267
74 320
85 373
105 421
139 460
184 490
234 513
289 516
342 505
385 478
421 444
446 404
459 358
465 310
471 261
472 211
102 150
130 126
166 114
203 114
240 126
314 125
346 111
384 109
418 119
444 144
278 186
278 216
279 246
280 277
247 322
263 324
281 328
297 324
314 319
143 200
167 187
194 186
219 204
192 210
165 209
332 203
355 186
383 184
407 197
385 208
357 209
210 403
236 377
263 362
283 367
299 361
324 373
350 398
328 419
305 429
286 431
264 430
238 423
224 402
264 389
283 390
300 388
337 397
302 398
285 400
265 400
