136 209
132 255
137 303
151 347
168 393
191 436
219 475
251 505
292 514
340 510
394 487
445 456
489 419
521 372
536 318
545 260
550 202
132 137
149 119
176 115
204 121
231 133
310 131
349 118
390 112
431 122
465 144
267 189
262 225
256 259
250 294
230 325
245 331
263 334
284 330
306 325
158 190
178 176
205 177
229 201
202 205
175 202
338 200
364 178
394 176
425 190
397 202
366 204
215 399
226 376
247 366
266 372
285 367
320 378
358 399
324 429
291 440
269 441
248 438
228 424
224 398
248 389
267 391
287 390
346 400
288 410
267 411
248 408
