79 169
78 210
84 251
93 291
106 331
127 366
156 396
191 416
230 421
267 416
301 394
330 365
351 329
366 292
379 253
388 214
390 173
91 119
112 103
138 98
166 104
191 116
272 115
299 102
329 99
357 106
379 123
230 158
229 191
228 224
227 256
197 272
212 279
228 284
245 279
261 273
118 162
139 147
164 148
186 168
163 170
137 170
279 168
303 149
328 148
348 164
329 171
304 171
170 330
191 314
214 304
230 309
248 304
272 313
294 327
273 351
250 361
231 362
213 361
191 351
182 330
214 328
231 329
249 327
283 328
249 333
231 334
214 333
