52 149
56 195
67 240
77 284
92 327
118 366
153 399
193 424
235 432
275 424
311 400
343 368
365 329
380 287
390 244
399 198
401 150
86 113
112 101
141 105
168 114
193 124
261 123
288 112
317 105
347 105
373 117
232 158
233 189
234 221
235 253
204 272
219 277
235 282
250 278
264 273
120 155
140 142
165 144
184 161
163 166
139 165
279 164
299 146
323 146
343 158
326 168
301 169
177 330
198 315
219 306
234 312
251 307
272 317
292 333
274 355
252 365
234 367
217 365
197 353
188 331
219 325
234 327
252 326
280 333
252 337
234 339
218 337
