139 158
135 199
141 240
155 282
169 323
186 365
202 408
218 445
249 463
295 462
348 439
401 408
451 370
485 323
503 263
509 199
510 137
124 84
133 69
152 69
172 74
191 85
239 79
275 66
315 62
355 75
388 98
217 144
209 179
201 214
192 250
184 274
195 285
209 289
227 285
246 282
146 140
156 122
179 125
200 149
178 154
155 152
274 152
293 128
322 127
349 143
326 156
297 157
192 348
187 326
198 318
211 326
225 322
257 335
295 354
261 384
233 395
216 395
202 389
193 371
198 349
200 341
213 343
228 344
283 354
229 365
214 364
201 359
