76 175
79 218
87 259
95 299
107 340
127 375
155 407
192 431
235 437
281 431
322 412
358 384
385 349
402 308
410 263
420 218
425 171
94 124
112 104
138 95
164 97
190 107
267 105
296 94
327 90
358 98
382 117
227 153
226 181
223 208
222 235
201 265
213 269
226 271
242 267
258 262
123 171
141 160
164 158
187 169
164 176
141 177
281 166
303 154
327 155
349 165
328 172
303 171
174 332
192 311
213 299
232 304
248 298
271 308
294 329
272 349
249 359
231 361
211 360
191 351
186 331
214 324
232 324
249 323
282 329
248 330
231 333
213 331
