3 193
13 241
25 287
41 329
66 368
101 398
145 421
194 435
240 438
277 429
307 407
330 375
347 338
360 299
368 260
372 219
370 178
60 137
86 111
125 98
165 101
202 115
259 112
287 101
318 99
347 109
363 134
237 153
242 179
247 205
252 231
210 261
228 266
245 269
260 266
272 262
108 167
131 155
155 154
179 168
156 173
131 174
273 170
294 156
316 158
333 171
317 177
294 176
169 332
200 311
227 299
244 303
261 300
278 313
293 336
278 351
262 355
244 356
226 354
199 349
182 331
227 319
243 320
260 321
281 334
261 331
243 331
227 329
