73 184
76 227
83 268
90 308
103 347
123 381
152 409
191 428
235 434
280 428
322 410
357 384
384 350
399 309
407 266
415 222
420 176
91 138
107 114
135 100
166 101
197 112
265 112
296 98
331 94
364 106
386 131
230 154
229 180
228 205
227 231
201 263
216 267
230 269
246 266
263 261
123 174
143 161
165 159
188 170
165 175
143 177
282 167
304 156
327 157
349 168
326 172
303 170
173 330
193 307
215 296
232 300
247 295
271 305
295 327
272 343
248 351
232 352
213 351
192 345
185 328
215 321
232 321
248 321
282 325
247 323
232 324
214 323
