80 191
83 244
89 297
102 349
126 395
159 436
199 471
242 501
286 510
332 501
373 469
411 432
443 393
465 347
477 295
484 242
486 187
97 154
127 136
166 135
203 144
239 160
316 161
352 143
392 134
433 136
464 157
277 199
277 240
277 280
277 320
240 338
258 344
279 350
300 344
319 337
138 200
162 186
192 187
219 208
189 211
160 211
337 207
361 187
391 185
418 199
393 209
363 210
196 381
232 389
260 389
281 394
299 387
329 386
367 376
332 413
303 428
283 430
262 428
233 415
210 387
261 403
281 406
300 402
353 384
301 401
282 405
262 403
