47 160
51 205
59 248
70 290
89 330
119 364
155 391
195 416
236 424
277 415
314 389
347 359
374 322
390 278
396 233
404 187
408 141
88 122
113 111
142 110
171 114
198 124
262 121
290 109
320 103
351 102
376 115
231 163
232 198
233 232
233 267
200 281
217 285
234 289
251 285
267 281
119 167
139 158
160 158
179 172
158 175
137 173
283 170
300 156
323 154
344 162
324 170
302 172
160 318
190 316
214 313
233 317
250 313
274 317
302 320
277 352
252 363
234 364
214 362
188 349
170 323
215 324
233 326
250 325
291 324
251 342
233 344
214 341
