51 180
57 224
66 265
77 306
94 344
120 378
154 405
193 424
234 428
274 419
310 396
338 367
360 332
375 296
382 255
386 216
387 176
78 134
99 111
130 99
163 101
194 112
269 111
297 100
326 99
354 108
370 130
232 155
233 184
234 212
235 240
204 267
219 272
235 276
251 271
265 265
116 168
136 153
162 153
184 170
162 175
136 175
278 168
298 150
323 150
342 164
324 172
300 172
173 332
195 312
219 300
237 304
254 299
276 309
295 327
277 349
256 358
237 361
218 360
194 354
185 331
218 324
236 324
254 322
284 326
255 330
237 333
219 333
