95 232
93 280
99 328
110 375
124 420
148 459
182 489
223 511
271 520
320 515
364 496
405 471
436 435
456 390
468 340
480 288
485 235
125 148
148 131
177 123
208 124
237 137
321 142
352 128
389 124
425 132
454 153
276 191
275 223
273 253
271 285
238 321
255 325
273 329
292 325
313 320
151 200
173 185
200 184
225 204
198 210
171 210
335 204
362 185
390 185
415 200
391 210
362 210
202 397
227 372
255 356
276 360
295 355
326 371
355 396
327 424
297 434
275 436
252 434
226 423
216 397
255 384
276 384
296 384
341 396
296 401
276 402
254 400
