123 174
118 209
119 246
128 286
138 326
152 366
171 403
198 435
238 443
288 436
340 416
389 391
429 362
453 322
461 275
467 225
470 178
120 121
130 101
152 93
178 95
202 107
253 104
288 88
329 84
368 92
399 115
225 155
218 182
209 208
201 234
191 272
203 276
216 277
232 273
250 270
142 166
157 152
179 150
199 167
178 172
156 172
287 162
307 146
333 145
356 156
335 166
309 166
179 341
186 318
202 304
216 310
229 304
260 316
292 336
264 352
235 362
219 364
204 363
190 357
190 339
204 334
218 334
232 333
280 335
232 333
218 334
204 334
