120 167
114 204
116 241
127 278
139 317
154 356
175 392
200 422
236 435
282 434
335 417
381 389
419 355
446 313
461 263
471 211
478 159
113 111
124 93
145 89
168 92
190 102
259 98
295 86
333 82
371 93
400 114
222 153
216 183
209 213
201 242
189 271
200 275
213 279
231 275
249 272
135 160
149 146
174 146
194 165
171 170
148 170
284 163
305 144
333 144
359 159
335 170
307 169
178 332
183 315
198 305
213 310
228 306
257 318
290 337
261 357
233 363
216 363
200 360
186 348
187 332
200 331
215 332
230 332
278 337
230 334
215 334
200 331
