85 211
89 261
98 311
108 361
125 407
152 448
188 482
230 510
276 523
322 516
365 493
402 461
433 422
453 377
466 326
477 274
481 220
108 144
133 119
168 114
203 121
235 136
324 134
355 121
388 117
423 121
453 141
276 191
276 228
275 265
274 302
238 328
256 334
275 338
294 333
312 328
146 194
170 176
200 177
223 201
197 206
168 205
336 202
361 180
391 177
416 193
394 205
364 206
206 396
231 377
258 367
278 373
300 366
326 377
351 396
328 427
302 442
278 445
255 442
229 428
217 397
258 390
278 391
300 389
340 397
300 411
278 414
256 412
