22 292
22 335
26 379
36 421
52 462
75 498
104 532
137 561
173 570
210 565
249 543
283 513
313 478
334 437
346 393
356 347
362 303
38 242
56 222
85 218
113 226
137 241
201 241
230 227
262 222
293 230
316 249
169 284
168 317
166 349
165 381
139 403
152 407
165 412
180 408
194 404
69 283
88 270
112 273
129 293
109 296
84 294
217 296
236 276
260 276
278 290
262 299
238 300
112 448
132 444
151 441
166 445
182 442
206 448
235 453
207 477
182 488
165 489
149 486
130 473
122 452
150 457
165 459
182 458
224 456
182 463
165 465
150 461
