20 379
8 419
4 463
12 504
26 546
44 587
66 625
92 657
130 677
177 682
229 670
278 646
319 612
352 573
375 525
390 472
397 420
31 294
45 278
67 276
90 284
107 302
176 303
213 293
250 297
286 316
312 341
142 373
134 410
125 446
117 482
97 501
109 512
122 519
140 518
159 517
53 358
70 343
95 351
111 380
89 379
63 374
197 394
220 371
249 372
269 394
249 403
221 402
86 554
97 542
112 541
124 548
141 547
173 560
206 578
173 601
143 607
125 604
110 597
96 579
95 557
112 557
124 561
140 563
195 576
142 583
126 580
112 574
