40 321
49 370
61 416
74 461
92 503
119 537
156 565
195 586
237 592
279 582
318 558
355 528
383 491
400 446
411 398
420 349
425 298
68 269
91 251
121 243
154 243
186 252
258 249
288 235
322 231
354 237
381 253
223 303
224 330
224 357
225 385
199 419
213 421
228 423
243 420
258 416
104 315
126 299
152 298
175 319
151 324
124 325
277 315
298 291
325 290
348 305
328 316
301 318
173 489
193 463
215 448
230 451
244 447
267 461
289 487
268 507
247 516
231 518
214 517
193 509
184 487
216 469
230 468
245 468
277 485
245 493
230 494
214 494
