60 268
63 317
69 367
79 414
101 456
133 493
171 523
215 543
260 547
301 541
331 516
356 483
377 449
393 411
404 373
412 333
413 293
127 222
159 210
192 208
226 212
256 225
321 231
345 223
370 224
393 228
408 242
288 276
290 306
292 336
294 367
254 393
270 397
285 401
297 399
308 395
163 272
186 262
211 264
230 284
208 287
182 284
324 290
343 273
366 273
381 286
367 294
344 294
213 454
241 441
266 431
281 436
295 432
310 441
322 455
308 470
293 479
277 481
261 480
237 474
223 454
265 454
280 455
294 454
312 455
293 450
279 452
264 452
