-1 229
1 277
13 325
26 370
45 413
70 452
101 488
139 515
178 522
213 513
247 485
276 449
300 410
315 367
326 323
337 279
342 235
37 188
60 171
91 165
123 169
149 186
220 189
247 173
278 169
307 175
325 195
182 236
182 276
182 315
183 353
155 374
168 380
182 383
195 379
206 374
64 231
85 215
113 219
132 244
110 249
80 246
228 247
248 220
276 218
293 235
279 249
252 251
131 426
151 415
170 409
184 413
199 408
215 414
230 422
214 440
199 450
183 452
167 451
150 443
141 426
169 424
183 426
198 423
220 423
198 424
183 426
168 425
