19 253
25 309
37 364
55 415
81 459
118 498
160 529
208 552
254 555
291 543
319 511
348 479
375 442
393 401
406 356
414 308
415 259
90 214
123 194
162 184
203 187
241 201
304 206
331 190
361 183
391 186
411 205
274 255
278 294
283 334
287 373
248 401
264 403
282 407
295 401
306 395
132 257
157 241
187 242
212 265
186 271
155 271
312 263
332 239
359 237
379 251
363 266
336 268
212 455
243 444
269 435
286 439
300 432
312 434
323 440
312 459
300 473
284 478
267 478
242 473
223 455
268 451
285 452
299 447
314 443
299 446
284 451
267 451
