82 419
88 463
99 507
113 548
131 587
156 622
188 651
227 673
266 680
303 671
335 647
361 615
381 579
395 541
406 500
411 457
409 413
114 371
138 354
167 346
199 347
226 358
291 356
316 345
344 343
370 348
391 363
261 407
263 438
265 470
268 501
236 530
251 534
265 536
278 533
291 529
145 416
165 400
190 401
211 421
189 425
164 425
304 420
322 398
347 396
366 409
350 420
326 422
205 586
229 569
251 559
266 563
280 559
299 569
316 587
300 612
282 621
266 622
250 620
228 611
215 586
251 576
266 576
280 577
307 587
281 595
266 597
251 595
