30 254
34 300
41 344
51 387
66 429
89 468
119 504
157 530
201 539
247 532
287 509
318 476
342 438
357 395
368 351
378 306
383 261
58 215
82 199
113 194
145 199
173 214
238 217
267 207
298 203
329 207
352 225
205 262
205 295
204 328
204 360
172 383
187 388
203 392
219 388
234 383
92 263
112 250
137 253
157 272
134 278
108 276
253 275
273 257
298 257
318 270
300 281
274 282
149 445
169 432
189 423
203 428
217 424
237 433
257 446
237 466
218 475
202 476
186 474
168 465
160 446
188 442
203 443
217 442
246 445
218 446
203 448
188 445
