86 153
86 199
93 243
106 285
123 327
145 365
172 398
203 426
239 435
279 429
324 407
365 377
396 339
417 295
428 248
434 197
435 146
94 111
113 96
140 97
166 103
192 116
256 116
282 104
312 98
343 98
374 107
223 155
221 187
220 219
218 252
197 271
209 275
223 279
239 275
256 270
122 154
141 148
163 149
182 164
160 167
138 163
281 164
303 151
326 149
349 156
327 167
304 167
183 330
194 312
211 304
226 308
241 305
267 314
293 335
269 362
244 372
228 372
210 369
194 357
192 330
211 322
227 323
242 323
283 334
243 344
227 344
211 342
