104 160
102 200
107 240
119 280
136 317
158 351
182 383
205 411
236 425
272 421
311 401
348 372
379 338
402 296
416 249
427 199
433 149
105 120
118 101
141 94
166 94
191 104
256 100
287 89
321 87
354 97
381 116
222 153
219 185
215 216
211 248
191 275
205 280
220 284
237 281
256 277
132 156
147 144
168 145
187 165
166 167
144 165
281 163
300 143
325 141
348 154
327 163
302 165
184 334
195 327
208 322
222 328
237 324
261 331
292 339
264 360
240 366
224 366
208 362
195 353
192 335
208 334
223 337
238 336
283 339
238 343
223 343
209 339
