-3 138
0 193
8 249
23 300
52 346
90 387
132 422
177 446
218 450
251 434
279 398
307 362
333 325
353 284
367 241
375 195
378 152
74 122
107 107
145 101
183 104
219 114
272 108
299 98
327 95
352 98
367 117
246 155
248 189
252 223
255 258
210 279
229 283
246 287
260 282
272 275
117 162
143 151
169 150
185 167
166 173
140 172
282 163
302 146
324 144
338 154
326 166
304 167
159 333
193 326
222 322
238 326
253 321
268 323
283 327
265 355
251 371
234 375
217 374
189 362
170 333
221 333
237 335
252 331
274 330
252 347
236 352
219 351
