157 169
153 205
158 244
167 284
177 323
189 361
203 405
221 442
252 457
298 453
347 430
396 401
444 366
479 321
496 266
505 208
509 149
126 104
134 88
153 87
173 93
194 101
248 102
283 90
321 86
361 93
396 113
218 153
208 184
199 214
189 243
186 270
197 277
210 281
228 278
248 274
149 154
158 138
181 141
200 158
179 166
158 166
284 160
302 140
331 140
356 154
333 167
305 167
190 342
193 324
201 317
215 322
232 317
263 326
298 345
267 364
241 371
223 373
208 370
198 359
198 342
204 338
218 340
234 339
284 345
236 343
220 343
206 340
