110 166
108 206
113 247
123 288
140 329
161 365
186 396
212 421
241 430
276 426
316 408
355 385
387 355
415 317
434 270
443 219
445 170
107 114
120 96
144 91
170 93
193 106
251 100
284 87
321 85
356 92
387 110
223 155
219 187
216 220
212 252
195 275
207 279
220 282
237 279
254 276
130 156
147 146
170 147
190 167
167 169
144 167
282 165
304 147
330 145
356 156
332 167
305 169
181 330
191 316
206 307
221 313
236 309
263 320
293 336
265 360
239 368
223 368
206 364
191 353
190 331
208 328
223 330
238 330
282 336
237 337
222 336
206 334
