47 148
54 201
65 250
78 295
100 334
127 370
159 399
196 422
237 427
276 418
308 393
335 362
357 329
374 290
386 247
395 202
399 152
76 120
104 100
141 95
175 101
206 117
256 117
288 105
321 99
354 103
380 122
236 162
236 198
237 234
238 270
194 283
214 290
235 295
255 290
273 284
116 160
137 147
161 150
182 170
160 173
135 171
279 172
299 151
323 150
345 161
326 172
302 175
163 322
194 323
220 321
235 325
252 321
275 322
301 319
277 343
255 355
237 358
220 357
194 346
173 324
220 334
235 336
252 332
291 322
253 335
236 338
220 336
