30 137
31 189
36 241
45 289
69 332
101 370
139 403
180 428
217 435
250 421
279 391
309 360
338 325
358 286
372 243
380 201
383 157
79 117
112 104
148 103
183 109
216 121
272 119
300 108
328 103
355 102
373 119
246 162
248 197
250 232
252 266
206 284
225 288
243 294
260 289
275 284
117 156
140 146
166 149
185 168
164 170
138 167
282 167
300 146
323 144
341 155
327 165
304 168
152 323
189 322
218 321
235 327
253 322
270 323
289 323
268 352
250 368
230 372
211 370
183 356
163 326
217 332
234 335
252 333
278 328
250 346
232 350
214 348
