144 206
144 253
151 300
168 344
190 385
215 422
241 454
271 484
307 492
350 486
394 460
435 430
469 390
491 343
506 291
513 236
513 177
143 146
159 131
184 129
210 135
234 147
300 143
333 130
369 124
406 125
444 139
269 199
267 237
263 275
259 314
243 334
256 341
271 345
289 339
308 334
173 195
190 184
215 186
234 206
212 211
187 209
333 203
353 182
380 178
405 190
385 203
357 206
242 395
252 386
266 380
281 384
297 379
327 384
358 393
332 418
306 428
288 430
271 427
255 417
254 397
268 394
283 396
299 394
348 394
302 404
285 405
270 403
