-4 156
-1 213
5 270
17 322
45 368
83 405
128 435
177 454
221 458
256 443
281 408
306 371
329 331
347 288
359 242
365 198
365 155
75 112
107 94
143 87
179 90
213 99
274 98
299 88
324 85
349 89
364 107
243 147
247 183
252 218
257 254
214 278
232 282
250 286
264 281
276 274
116 157
139 144
163 144
183 161
162 166
137 166
278 158
296 139
318 137
334 148
320 159
298 161
167 337
203 332
230 327
245 332
259 326
272 329
283 333
270 355
257 366
243 369
226 367
200 359
178 338
229 341
245 343
258 340
274 336
257 343
243 346
228 344
