132 189
131 239
138 289
151 337
170 382
194 425
221 464
251 497
291 509
338 503
386 476
431 439
469 394
498 344
517 290
527 230
529 169
125 137
141 120
168 122
195 128
222 140
308 136
343 117
384 107
425 115
459 137
263 188
261 231
258 273
254 316
231 336
246 344
264 349
285 344
306 338
158 179
176 162
202 165
224 191
199 193
173 191
330 191
352 165
382 163
409 179
385 191
355 194
222 395
238 395
255 392
271 400
288 394
318 400
358 402
321 425
290 434
272 435
254 430
238 417
232 399
255 405
272 410
289 409
346 404
288 410
271 411
255 405
