55 130
58 181
68 229
78 275
94 319
120 357
151 391
188 418
226 426
263 417
301 391
335 359
362 322
377 278
387 232
396 185
400 136
83 115
108 97
139 93
172 95
202 106
267 106
295 95
324 91
354 95
377 111
234 155
234 189
235 224
236 259
203 274
218 280
234 286
250 281
264 275
119 155
140 145
165 148
184 166
162 169
137 167
281 165
299 147
322 144
342 154
326 165
302 167
171 328
195 316
215 309
233 314
250 309
269 317
288 329
269 354
249 363
231 366
212 364
191 354
184 330
214 328
232 328
250 328
277 331
249 334
232 335
214 334
