1 153
0 208
4 266
17 319
44 364
82 396
125 423
172 442
213 447
246 437
273 404
299 367
323 329
340 285
355 241
362 194
359 150
89 94
121 84
153 81
185 85
214 98
268 99
291 87
315 81
339 83
355 99
242 151
247 184
252 218
257 251
217 279
233 282
248 285
260 282
271 276
117 148
144 138
170 139
186 159
165 162
140 160
274 158
293 139
315 136
328 147
317 159
295 161
176 344
208 330
232 320
247 325
261 318
271 325
278 338
269 358
258 370
243 373
227 372
204 364
188 343
230 340
245 342
259 339
268 339
258 338
245 341
230 341
