84 180
86 237
94 291
106 345
123 396
150 444
186 486
229 518
276 526
322 515
362 483
394 439
418 392
437 340
450 288
459 238
461 189
107 135
134 111
171 104
209 110
243 126
323 127
354 114
386 109
416 113
440 131
280 185
278 220
277 256
276 292
240 325
256 330
273 334
290 330
306 326
144 189
168 174
199 175
224 198
197 204
166 204
333 198
359 177
387 177
407 192
389 207
361 207
210 403
233 383
258 374
273 380
290 375
314 386
336 404
315 430
292 442
273 445
256 443
231 430
223 402
257 397
272 398
289 398
323 404
291 411
273 413
258 411
