75 175
76 219
82 263
93 306
111 345
137 379
167 409
202 434
240 441
277 433
316 408
348 377
375 342
392 302
400 257
407 212
410 166
92 124
110 101
137 91
165 90
191 101
264 99
294 86
327 86
357 98
379 121
228 155
228 191
228 226
228 261
198 280
214 285
230 290
247 284
264 279
121 160
140 146
165 147
184 167
163 172
138 171
279 165
299 146
324 144
344 158
327 168
302 170
170 327
192 315
214 311
232 315
250 311
276 315
303 324
278 355
253 369
233 372
213 369
191 355
180 328
214 326
232 329
250 327
293 326
252 345
232 348
214 345
