60 149
61 197
67 244
77 289
96 330
121 366
152 398
189 422
229 431
270 425
310 399
346 367
373 329
391 284
401 238
412 190
416 140
90 107
113 93
143 90
173 94
202 106
257 108
288 96
322 91
356 95
381 114
231 151
231 185
231 218
231 252
203 276
217 280
232 284
247 280
262 275
120 153
141 141
166 142
185 163
162 165
138 163
278 163
296 143
320 140
343 152
323 164
298 165
179 336
200 325
218 318
234 322
247 317
265 325
285 337
266 355
248 363
233 364
216 363
198 354
190 336
217 335
233 337
247 336
274 337
248 336
233 337
217 335
