35 169
39 218
49 268
62 315
86 358
121 395
160 428
201 450
239 455
273 441
299 406
323 370
345 335
362 296
370 254
372 212
368 171
78 129
104 107
137 98
172 100
202 116
265 115
290 102
318 99
345 103
362 122
238 161
242 194
246 226
251 259
208 285
226 289
245 292
260 287
273 281
120 167
141 153
165 154
186 172
164 172
140 172
275 171
293 152
315 151
333 164
317 169
295 170
150 328
187 324
221 318
240 321
258 316
280 319
304 322
282 353
261 370
241 375
220 375
186 362
161 332
220 334
240 334
258 331
292 327
259 347
241 351
221 352
