122 161
118 198
119 233
129 270
143 308
159 346
179 383
200 418
232 434
275 434
325 417
372 391
415 357
448 314
466 264
476 207
482 152
115 106
125 86
146 83
169 86
190 98
248 95
288 82
328 79
368 91
398 117
220 149
214 182
207 214
199 247
188 270
200 277
214 282
230 278
249 274
138 150
152 138
175 138
195 158
173 161
151 159
284 158
304 141
330 141
354 155
331 163
306 163
180 331
186 319
202 311
215 316
229 313
258 325
289 341
260 359
233 366
216 365
202 361
188 350
189 331
203 330
216 333
231 333
276 340
230 337
215 336
202 332
