118 176
113 214
119 251
131 289
146 326
162 361
182 394
205 424
237 435
276 435
319 418
359 392
394 359
418 317
430 270
438 221
442 169
116 118
131 104
154 104
177 108
199 117
251 112
284 97
320 91
356 96
385 115
222 152
218 184
214 217
209 250
194 271
205 277
219 281
236 277
253 273
134 158
150 146
172 146
191 164
170 167
148 167
280 161
302 144
327 143
350 155
329 164
303 164
177 332
190 320
205 311
220 316
236 312
263 324
295 339
266 360
239 365
222 365
205 361
191 351
187 333
206 331
221 333
237 333
283 339
236 338
220 337
205 334
