91 154
95 196
105 235
118 276
134 315
154 352
179 387
205 418
241 430
284 424
325 400
363 368
394 330
415 287
428 241
436 190
439 140
89 109
109 92
138 90
167 98
194 112
246 112
281 98
317 89
355 95
387 113
223 157
222 191
219 224
217 258
196 277
208 283
222 288
239 283
256 278
122 153
139 139
164 142
186 165
161 169
136 166
280 166
299 145
326 143
350 156
330 168
303 169
181 331
195 320
211 313
225 318
239 313
263 322
289 333
264 353
242 362
226 362
211 359
195 348
190 332
212 331
226 333
240 332
277 333
240 335
226 336
211 333
