147 200
146 245
154 291
171 336
194 380
220 421
246 458
272 493
307 505
352 503
400 480
449 449
491 407
520 356
536 297
542 233
539 170
135 140
147 121
173 120
199 128
226 140
286 131
327 115
371 108
416 114
454 135
259 189
256 231
252 272
248 313
233 331
248 341
265 347
285 340
305 334
165 185
181 170
208 172
231 195
205 199
179 197
330 194
353 172
383 170
412 183
387 197
357 199
233 394
242 384
257 379
272 386
290 381
324 390
363 400
330 425
298 435
278 435
260 430
246 417
243 397
259 396
274 400
292 399
349 400
293 405
275 405
259 401
