111 165
109 202
116 238
130 275
145 314
165 350
184 385
208 415
239 427
280 423
325 403
367 376
401 342
426 301
440 254
448 204
447 156
108 115
122 100
143 99
167 105
191 116
248 111
283 97
320 90
359 96
390 111
219 155
216 188
211 221
206 253
192 275
203 281
217 285
233 280
251 276
133 152
147 142
169 142
190 161
166 164
145 162
280 162
301 144
327 143
351 156
329 166
303 166
179 330
189 320
205 313
219 317
234 314
263 326
293 339
266 360
238 365
222 364
206 360
191 350
188 331
207 331
221 333
236 334
282 338
235 337
220 335
206 332
