150 167
140 208
138 249
144 286
157 324
172 360
185 396
201 426
234 440
279 439
332 426
385 409
435 386
468 349
481 297
489 239
495 185
146 88
157 77
173 76
189 80
204 92
251 88
289 74
330 72
369 84
400 114
222 149
211 177
199 205
187 233
177 264
188 272
201 277
219 275
239 273
161 145
173 129
194 132
211 155
191 157
171 156
284 158
306 135
333 136
358 156
333 164
307 163
177 337
177 320
189 311
202 316
215 313
248 325
283 347
252 364
224 371
209 371
195 368
182 355
186 336
191 333
204 335
218 335
270 344
221 342
206 340
194 337
