124 169
118 207
118 245
125 285
137 324
151 363
171 400
195 431
230 444
274 442
324 423
373 397
415 362
441 318
459 268
471 214
478 161
118 114
127 98
147 93
170 95
193 104
253 93
289 79
328 73
367 82
398 105
221 148
215 178
209 208
202 238
191 267
201 273
213 277
231 272
249 268
138 161
150 148
173 147
194 163
172 169
150 169
284 158
305 141
332 140
356 153
333 163
307 163
179 340
187 320
203 308
218 311
233 308
261 321
292 341
263 358
236 363
219 363
203 361
189 354
189 339
205 332
220 331
235 331
279 341
233 334
218 334
203 333
