107 157
106 199
112 239
121 277
135 315
154 351
175 384
199 415
232 428
273 425
317 403
359 372
393 333
416 288
432 240
444 188
450 136
103 112
119 96
144 96
170 102
195 112
252 107
289 94
326 86
365 91
396 112
223 154
220 188
215 222
210 257
192 275
205 280
218 285
235 281
253 278
131 152
148 141
170 142
188 162
166 163
145 161
284 161
305 143
329 142
353 155
332 165
306 166
179 328
192 322
205 315
220 320
236 316
259 324
291 336
263 355
239 361
222 362
206 358
192 349
188 331
206 331
221 332
237 332
280 336
237 336
222 336
206 334
