123 158
123 200
128 240
137 282
152 320
173 359
196 393
223 423
260 433
306 428
356 400
401 367
439 327
464 280
478 229
482 173
481 119
110 103
120 87
140 86
162 92
183 105
235 103
274 88
316 82
360 87
399 105
214 149
210 185
205 222
199 258
189 276
201 282
215 287
232 283
250 279
136 147
149 130
174 131
195 155
171 158
147 158
276 156
298 133
328 132
355 147
331 160
301 161
186 333
188 320
203 311
219 318
236 313
265 326
295 341
270 365
245 373
226 373
208 370
193 357
194 335
206 335
222 338
239 338
281 342
239 338
222 337
206 334
