130 170
132 211
140 250
151 288
167 322
184 352
201 382
221 409
250 423
287 421
333 404
374 377
408 343
431 303
446 254
455 199
458 143
125 118
137 107
157 106
177 110
197 120
248 116
278 97
313 87
350 92
382 108
220 161
214 191
207 221
199 251
191 270
202 278
215 283
232 279
250 274
147 163
160 150
181 149
200 166
180 172
159 172
283 163
302 145
328 143
351 156
330 167
305 168
196 329
199 315
208 309
222 315
236 311
264 320
295 336
269 353
244 359
227 358
212 354
202 344
204 327
210 325
224 328
239 328
283 334
240 334
225 333
211 328
