11 155
12 205
19 256
30 303
51 346
85 384
130 414
179 433
226 437
262 426
291 399
316 367
336 331
350 290
361 248
367 204
362 159
79 113
112 96
150 91
188 95
223 107
269 104
292 90
317 85
341 88
353 106
245 152
249 185
254 216
259 248
213 279
231 283
248 287
262 282
273 276
112 156
136 143
161 143
183 163
161 165
135 165
272 161
294 139
317 138
332 152
320 160
296 162
175 339
205 325
230 317
242 322
257 316
272 323
283 334
272 351
257 360
242 363
227 362
204 355
187 337
229 336
242 336
256 334
274 335
257 334
243 336
229 335
