0 138
4 189
14 239
31 286
61 329
100 365
143 395
189 414
228 417
257 404
276 372
292 335
310 297
324 260
337 222
341 183
336 145
81 100
109 85
143 76
177 78
210 89
267 94
286 82
306 77
324 78
334 91
238 145
244 180
252 214
260 247
222 275
237 276
251 278
263 274
271 266
115 149
137 135
162 135
182 155
160 161
135 160
264 149
281 127
304 124
317 135
307 148
286 151
193 337
215 316
240 303
254 305
264 299
276 305
278 321
274 342
264 360
251 366
236 368
214 362
202 335
239 325
252 324
263 321
271 322
263 329
251 334
238 336
