53 151
56 198
63 246
72 291
90 334
117 371
151 404
189 430
228 437
268 430
305 405
337 371
363 335
381 293
391 247
396 202
396 156
82 124
107 106
140 104
172 108
202 119
259 118
289 106
320 103
352 105
376 123
232 159
233 193
235 227
236 260
200 280
217 285
235 290
251 285
266 280
120 159
141 148
165 150
183 167
162 169
138 168
278 167
297 150
320 148
340 159
323 168
300 169
161 325
190 320
216 315
233 321
252 315
274 320
297 324
274 347
252 359
232 361
213 359
188 349
173 330
214 335
233 337
252 335
287 329
252 335
233 337
214 335
