81 158
80 201
86 241
99 279
119 314
141 347
166 379
193 409
229 420
268 416
308 394
346 364
379 329
402 288
412 242
421 195
426 146
91 113
115 101
144 107
171 115
196 127
256 126
289 113
322 107
357 107
386 122
226 161
224 200
223 238
222 277
194 283
209 293
226 300
243 293
261 286
115 155
135 143
161 147
181 168
157 170
131 167
280 171
302 151
328 149
350 163
330 174
304 175
165 317
190 326
212 325
229 330
245 325
271 325
304 317
273 348
247 362
228 365
210 362
189 348
175 324
211 336
228 340
246 337
292 323
246 339
228 341
211 338
