26 185
25 244
31 306
48 366
77 418
116 459
164 491
217 512
268 518
314 508
348 477
375 437
397 392
417 343
430 292
433 238
428 187
102 128
135 108
176 104
216 108
252 127
314 132
343 118
373 112
403 112
425 130
286 182
290 222
295 260
300 299
252 329
271 334
291 340
309 335
323 328
140 185
167 173
195 174
216 193
192 196
165 195
334 195
355 177
380 175
398 188
383 198
357 198
209 402
240 379
272 366
291 372
310 365
330 378
338 403
328 428
308 442
288 445
266 443
237 430
222 401
269 398
289 399
308 398
327 403
309 404
289 406
269 404
