75 169
79 217
89 263
98 308
113 348
137 383
166 413
200 435
239 441
275 432
308 405
334 373
357 336
369 296
378 254
385 210
390 165
86 122
106 98
137 91
169 93
201 105
256 105
289 94
322 91
354 99
375 121
231 153
231 184
231 213
231 243
201 270
216 274
232 276
248 273
263 270
121 161
141 148
164 149
185 166
163 171
138 171
277 166
298 149
322 150
341 162
323 172
299 172
172 333
196 316
219 306
235 310
251 306
275 315
297 329
275 357
252 368
235 371
217 370
195 361
183 334
219 324
235 325
251 324
287 330
251 344
234 347
218 346
