72 157
73 203
81 250
88 294
103 336
127 373
155 406
188 430
224 437
262 433
301 416
333 388
359 354
376 309
387 261
396 212
400 164
96 116
116 97
145 90
175 95
202 108
265 106
293 91
324 86
355 92
377 110
230 150
228 179
227 209
225 239
201 264
214 269
229 274
243 269
257 263
127 160
146 149
169 150
188 164
167 169
144 169
282 162
302 147
326 146
345 156
328 166
304 167
175 335
193 314
213 303
227 306
241 303
264 315
287 336
265 358
242 366
226 367
211 366
192 357
186 334
213 326
227 326
242 326
276 336
241 339
227 340
213 339
