69 147
74 192
85 239
95 285
111 327
136 363
167 393
201 415
238 421
275 412
309 387
337 354
361 316
377 274
391 229
402 184
408 139
91 111
112 92
140 88
169 92
195 104
268 106
294 94
323 92
349 95
373 108
232 154
232 188
231 221
231 254
199 275
215 279
232 283
248 279
263 275
119 156
139 143
166 145
187 164
164 169
137 168
280 164
301 145
327 145
348 156
329 169
303 170
174 331
197 319
218 309
232 313
247 309
269 318
289 329
269 346
249 357
233 359
217 357
197 348
185 331
218 330
233 331
248 329
277 330
247 331
232 334
217 332
