50 168
50 215
57 261
68 304
88 345
115 380
148 407
187 426
227 430
264 423
297 402
325 373
347 337
363 299
376 258
386 215
386 171
91 113
116 95
146 89
177 92
204 104
262 105
290 95
318 93
347 98
369 117
235 154
236 186
237 217
239 249
201 270
217 276
234 282
251 277
265 271
120 155
140 142
163 144
183 162
161 165
138 164
277 166
297 148
320 148
339 161
322 169
299 170
175 332
198 312
221 301
235 307
250 303
271 315
289 334
269 354
248 364
232 366
215 363
195 353
185 331
220 324
234 325
249 326
278 332
248 337
232 338
217 336
