3 164
4 212
11 262
25 310
50 351
85 383
127 408
173 427
212 430
243 420
268 392
294 358
315 321
331 283
343 244
348 206
346 168
74 108
107 92
145 90
182 97
215 113
271 116
293 103
316 95
338 93
352 106
243 158
248 186
253 213
259 241
219 274
235 275
249 277
260 274
269 268
109 156
135 141
164 141
185 166
160 173
132 172
270 164
290 140
315 138
329 153
317 167
292 169
176 342
208 324
237 310
249 313
260 307
273 316
280 333
271 349
258 361
244 366
231 366
204 360
188 341
235 333
247 333
259 330
270 333
258 331
246 334
234 335
