65 155
67 203
76 248
87 292
104 333
130 369
161 401
198 424
234 431
270 422
304 399
334 370
359 334
376 293
387 250
397 204
402 158
88 114
111 96
142 91
173 94
202 106
260 107
289 94
321 89
352 95
374 114
231 151
232 184
233 217
233 250
205 275
219 279
234 282
248 278
262 273
119 159
138 145
162 146
183 164
161 167
136 167
277 163
298 145
322 144
342 157
324 166
299 166
179 335
198 317
220 307
236 312
252 307
272 316
290 332
272 353
253 362
235 364
218 363
197 355
189 335
219 331
236 332
253 331
280 333
252 333
235 334
219 333
