18 174
20 222
29 270
43 315
63 355
92 388
130 413
175 430
217 435
252 426
277 401
299 370
317 333
331 294
344 255
351 215
348 174
73 112
101 91
138 82
177 86
211 102
267 109
289 96
315 95
338 101
353 119
241 152
244 185
247 218
251 250
208 275
227 280
244 283
258 279
270 273
111 155
133 140
159 141
181 161
158 165
132 165
273 164
292 142
315 143
330 157
316 166
293 167
174 341
203 320
229 308
245 312
260 306
274 315
284 334
273 355
260 366
243 370
225 370
201 362
185 339
227 328
244 328
259 326
274 334
260 341
244 344
228 344
