68 180
69 224
74 266
82 306
98 343
121 375
152 401
186 423
226 432
267 427
303 407
334 381
358 347
374 308
385 266
395 222
401 175
90 128
110 108
141 101
174 104
205 115
255 111
286 96
321 91
355 100
375 126
232 151
233 179
234 207
234 235
203 264
217 268
233 272
248 268
264 263
119 166
139 154
163 154
183 168
161 172
138 171
277 166
299 152
322 151
342 163
322 170
299 169
172 334
192 313
213 301
232 306
249 301
269 313
290 337
269 353
248 357
230 357
210 355
190 349
184 331
213 319
231 320
248 321
278 334
248 330
230 330
212 329
