99 159
100 200
106 241
117 283
134 323
154 363
179 400
210 430
246 441
288 436
330 414
370 384
402 346
423 302
437 253
446 201
451 149
108 109
121 94
142 90
165 93
186 104
255 98
287 84
321 80
356 87
386 104
222 151
219 187
214 223
210 258
192 276
205 283
220 289
237 282
254 276
133 157
149 146
171 147
189 164
168 168
147 166
279 161
300 144
324 142
346 153
327 164
302 165
174 328
189 321
207 318
224 322
240 317
268 320
303 324
273 351
245 363
228 365
209 363
191 351
184 332
208 334
225 336
242 333
291 327
243 339
226 340
209 338
