40 372
47 427
60 479
75 528
100 573
134 614
175 649
222 674
265 679
303 666
333 634
359 594
382 552
399 509
410 465
416 419
417 371
86 343
116 321
155 312
196 315
233 329
302 325
332 310
365 304
396 309
412 333
271 382
274 416
277 449
281 483
242 511
260 514
277 518
291 513
302 507
129 386
154 368
183 369
207 393
182 397
152 397
313 388
334 362
361 359
381 373
365 386
338 389
206 581
230 563
257 551
273 554
288 549
309 557
328 570
313 602
294 615
276 618
257 618
231 609
218 580
257 570
274 570
289 568
317 572
291 587
275 591
257 591
