47 361
43 394
42 431
51 468
66 503
88 534
112 563
139 592
174 602
216 594
263 575
304 549
340 515
362 473
370 425
372 378
372 333
55 281
60 264
71 255
87 256
102 263
169 260
193 246
221 244
250 250
279 262
135 314
130 339
124 365
119 390
113 421
124 424
137 426
152 423
168 418
75 330
82 315
99 315
114 328
99 334
82 335
191 320
204 303
224 301
243 313
226 319
207 322
110 479
114 462
128 455
145 456
164 451
200 453
235 467
208 497
176 511
156 516
138 514
121 502
115 478
132 471
149 470
168 467
226 469
171 493
152 496
134 495
