42 307
43 355
48 401
56 446
75 485
106 518
142 546
183 567
224 571
264 560
300 534
330 502
355 467
371 428
379 385
387 342
392 298
84 259
109 243
138 238
168 242
193 255
257 253
285 239
315 235
345 240
367 258
227 300
227 336
228 372
229 409
191 425
208 431
225 437
242 430
257 424
113 299
135 287
159 290
176 310
156 311
132 309
274 310
296 290
319 288
337 301
320 310
297 312
143 458
178 461
207 456
224 461
242 455
268 457
299 453
270 481
246 495
226 499
207 498
177 488
152 462
206 476
224 478
243 474
289 457
244 473
226 477
207 476
