55 278
52 323
59 368
71 413
89 457
114 497
139 533
166 565
202 577
244 573
290 551
333 522
373 487
401 443
420 392
430 337
433 283
59 215
79 202
106 201
134 207
160 220
224 216
258 201
295 196
332 198
367 213
187 271
184 306
180 341
176 377
157 405
170 410
185 412
203 410
222 405
82 270
101 255
129 256
150 281
126 287
98 285
252 280
276 255
305 252
330 268
309 282
278 284
144 473
159 454
177 441
190 445
205 440
233 454
267 472
237 502
209 512
192 514
177 511
160 499
155 473
178 463
192 463
206 463
256 472
207 483
192 483
177 481
