53 358
54 407
63 455
76 501
99 544
128 584
161 621
199 652
239 662
279 652
317 623
352 587
380 548
403 504
415 458
421 410
421 362
69 331
96 313
130 313
164 319
195 332
265 330
296 319
329 315
361 316
390 329
228 377
228 419
227 460
227 500
191 512
208 519
227 526
247 519
266 512
109 372
130 359
157 362
177 386
154 386
128 384
286 386
307 363
333 361
354 375
336 385
310 387
163 550
191 552
215 549
230 554
247 549
271 552
300 552
273 579
250 591
231 594
214 592
190 580
174 557
214 565
230 568
247 565
289 557
248 564
230 568
214 565
