86 482
87 533
93 583
99 632
115 678
144 718
179 753
220 781
264 792
310 786
350 761
388 729
417 691
436 645
448 597
458 549
462 498
107 442
135 419
172 414
209 421
242 438
299 440
335 425
373 421
411 431
436 455
269 484
267 518
265 551
263 586
229 614
246 619
263 623
281 620
298 617
145 483
167 468
194 470
217 493
193 496
165 495
322 496
346 474
373 475
394 491
374 501
346 500
197 671
224 660
248 652
264 657
281 653
307 662
335 673
308 702
282 713
263 714
246 712
222 699
207 672
248 669
264 671
281 670
324 675
281 687
264 688
247 686
