7 260
9 302
17 344
29 384
45 424
68 461
95 493
126 518
161 525
195 517
228 491
259 459
287 423
305 383
312 340
315 297
314 254
19 224
35 202
61 192
91 192
119 200
180 199
209 191
238 189
266 196
286 212
152 251
152 283
152 313
152 344
127 369
139 374
153 377
167 373
179 368
50 251
67 239
91 240
109 257
89 262
66 262
197 255
215 237
240 236
258 248
243 258
219 260
104 434
120 417
139 407
153 413
169 407
191 417
207 433
192 459
171 472
154 474
138 472
119 459
112 434
139 425
153 426
169 425
198 434
170 446
154 449
139 447
