37 160
37 212
44 264
55 315
73 363
99 407
132 446
173 472
218 483
264 478
311 456
350 421
380 381
404 335
419 284
430 231
436 177
70 110
94 86
128 75
163 75
195 88
270 89
303 79
338 81
371 96
395 121
230 148
228 181
227 214
225 248
194 282
209 286
223 290
239 288
254 285
105 149
128 134
155 136
175 159
151 161
124 159
286 164
309 143
336 142
358 159
338 169
310 169
153 353
178 336
203 326
221 331
240 328
266 340
289 363
264 388
239 396
219 397
199 393
175 382
165 354
202 347
220 349
239 349
278 362
239 366
220 366
201 363
