94 388
101 438
114 486
130 532
153 576
183 613
219 645
261 668
306 672
351 661
393 634
426 595
451 551
467 503
476 453
481 401
480 348
113 345
134 325
166 317
199 319
231 327
299 319
331 304
367 298
403 300
434 317
271 373
273 406
274 440
275 473
250 503
266 507
283 510
299 505
315 499
154 389
175 380
200 377
222 389
200 397
175 398
332 380
353 365
378 362
400 368
381 381
355 383
239 573
254 550
272 537
287 542
302 535
326 547
352 564
331 589
309 598
293 599
276 599
258 592
252 571
273 564
289 563
304 562
340 564
305 567
290 569
274 568
