31 349
35 397
45 443
57 488
75 532
100 572
134 607
176 632
223 639
269 630
310 603
345 571
371 532
388 488
398 441
408 393
413 343
55 301
81 284
115 282
147 290
176 305
242 302
277 288
314 280
351 283
380 303
213 350
214 382
215 414
215 446
181 471
198 476
215 479
232 476
249 472
88 353
109 340
136 341
158 363
134 368
107 366
267 360
289 339
317 338
339 352
320 365
292 366
156 538
176 518
199 509
214 514
231 509
254 520
279 535
255 558
232 568
214 570
197 568
175 559
167 537
199 534
215 534
231 533
268 535
231 538
214 539
198 538
