102 156
101 197
106 238
118 278
138 315
162 350
185 383
208 416
241 429
283 429
329 413
367 387
397 354
418 313
429 264
436 213
436 162
102 102
116 87
139 85
163 91
185 105
249 105
284 94
323 93
359 104
387 123
215 155
211 196
205 236
199 277
180 285
194 295
212 301
231 295
251 290
130 143
147 132
169 135
186 158
165 157
143 154
275 165
296 145
322 145
346 159
324 168
297 169
173 320
188 327
203 329
218 334
235 332
268 334
310 330
273 359
241 367
223 367
206 361
191 345
183 327
204 336
219 341
236 340
300 332
239 343
222 343
206 337
