20 156
26 207
37 257
48 305
69 349
102 385
144 412
190 430
234 433
274 421
307 395
334 364
355 328
368 289
376 248
383 207
384 163
75 118
105 99
141 94
177 100
210 112
266 112
294 100
324 96
352 101
371 121
240 158
241 191
243 223
246 255
207 280
225 283
242 287
257 283
271 278
113 162
136 149
163 151
185 172
161 176
133 175
278 171
297 149
323 148
343 160
327 172
301 174
167 330
201 322
228 315
241 319
255 315
274 321
295 327
274 345
256 352
241 355
226 354
200 348
179 331
227 335
241 336
255 334
285 330
255 333
241 335
227 334
