135 209
131 257
135 306
143 354
154 401
174 445
200 483
231 514
274 531
327 530
384 514
439 487
485 450
517 401
537 344
549 282
556 221
143 139
160 119
186 114
215 118
241 129
308 124
351 109
396 106
441 120
476 148
269 185
262 220
253 255
245 290
228 325
241 330
257 333
276 330
297 327
166 193
186 178
211 178
233 199
208 202
183 201
342 198
369 178
398 178
424 194
399 202
369 202
213 405
223 380
241 367
256 372
274 368
308 382
347 406
312 428
280 437
260 437
242 434
226 424
224 404
242 392
258 393
275 392
334 405
277 408
260 408
243 405
