116 216
114 266
120 316
132 363
150 409
176 451
206 488
241 517
285 528
336 524
389 504
437 473
478 433
504 383
518 327
527 268
531 209
122 150
143 129
174 124
206 128
237 140
301 141
341 125
385 119
429 127
464 151
268 191
265 229
261 267
256 306
228 325
246 333
266 339
289 332
311 326
156 196
176 183
200 185
223 203
198 205
173 204
337 203
361 184
389 183
414 195
390 204
363 205
206 392
225 373
249 365
270 369
291 365
328 372
367 385
331 420
297 435
273 438
249 435
226 420
216 392
249 384
271 386
293 384
355 386
294 407
271 409
249 406
