43 154
43 201
49 249
62 295
85 336
117 368
155 393
195 413
229 418
261 410
291 383
318 352
342 318
359 280
369 240
374 200
374 158
81 115
114 101
150 101
185 108
215 124
252 123
282 111
312 107
343 107
366 124
237 161
239 196
241 231
244 267
203 283
220 289
238 294
254 289
269 284
112 156
136 144
162 148
182 172
159 173
132 169
277 173
297 149
322 146
342 159
326 173
300 175
162 324
194 326
219 324
235 329
250 324
269 325
292 322
269 346
252 355
235 358
218 357
193 347
173 328
218 335
235 337
251 334
282 326
251 335
235 337
219 335
