-2 166
5 221
15 273
28 324
54 365
94 398
139 422
187 438
231 439
266 426
292 395
317 360
339 326
351 286
361 246
368 205
367 164
66 124
100 105
137 98
175 101
210 113
272 112
297 101
323 96
348 99
363 116
242 161
245 193
249 225
253 257
211 285
229 289
246 291
260 287
272 281
113 165
138 151
165 152
186 173
162 176
135 175
273 171
292 147
317 145
336 157
321 169
296 172
159 333
196 328
227 321
244 325
260 318
276 322
294 324
276 347
260 361
243 366
224 366
195 357
173 334
226 340
244 340
260 336
282 329
259 337
243 342
225 342
