56 172
64 217
75 261
86 304
102 344
125 379
156 407
193 428
234 433
275 424
313 403
347 375
374 342
392 302
400 260
407 217
413 174
86 128
108 107
139 97
171 97
203 106
262 107
292 95
324 94
354 103
377 123
231 152
231 181
232 208
232 236
203 264
217 269
231 272
247 268
262 264
123 167
142 154
164 155
184 170
163 174
141 174
282 169
300 153
322 152
342 164
324 171
302 172
175 333
196 309
218 297
234 301
251 298
273 310
293 332
273 352
251 360
233 361
216 360
195 353
186 332
218 316
234 316
251 316
283 331
251 337
233 339
217 338
