108 126
103 157
105 190
114 223
125 254
139 281
155 306
171 331
198 343
236 343
280 332
324 315
360 293
384 259
398 218
406 175
411 132
100 83
108 67
126 61
145 63
165 72
211 67
241 55
274 53
306 63
332 83
182 111
175 135
167 159
159 183
152 205
161 211
172 214
187 211
203 209
119 117
131 105
150 105
167 121
149 124
129 124
234 119
253 102
275 103
297 117
277 124
253 123
152 256
153 241
163 233
174 237
186 234
211 243
242 259
215 270
193 276
179 278
167 275
158 267
159 255
164 250
176 251
188 251
232 257
190 255
177 256
166 254
