99 178
95 221
95 265
98 309
109 349
128 385
154 417
185 445
223 457
269 452
314 430
355 400
389 364
411 321
424 274
435 226
440 177
113 132
131 117
154 113
179 116
200 126
260 123
291 113
324 111
356 120
381 139
229 164
226 192
223 221
220 251
194 271
207 276
223 282
242 277
261 272
134 169
151 159
171 160
189 174
168 172
149 171
282 173
301 159
322 159
343 169
322 171
302 171
159 326
179 309
205 302
226 306
248 301
281 308
313 325
283 359
249 376
226 378
203 376
178 360
169 327
205 321
226 323
249 321
303 326
249 350
226 353
204 351
