46 195
52 236
62 278
74 317
89 355
113 389
148 415
191 433
236 442
279 435
318 416
348 387
368 353
380 313
389 274
396 233
400 192
83 138
105 113
136 103
170 103
200 114
257 112
288 100
320 101
350 110
371 133
232 154
234 181
236 206
238 233
208 266
223 270
236 273
249 270
261 266
117 171
138 154
163 153
181 172
161 176
137 177
279 171
300 152
323 150
341 168
325 174
302 174
176 331
199 309
221 298
236 302
253 298
275 309
297 332
276 351
255 358
237 360
219 358
198 349
186 330
221 316
237 316
253 316
287 331
253 336
236 338
220 336
