100 160
97 201
105 239
122 278
140 314
164 349
188 380
214 409
247 421
288 415
327 394
360 365
388 332
411 292
426 248
432 198
431 148
103 95
117 79
141 79
165 87
188 100
258 103
284 90
317 84
350 86
379 97
222 152
221 192
218 230
214 267
194 286
208 293
225 297
242 293
259 288
129 141
144 127
168 130
187 156
164 158
140 155
275 157
293 131
322 129
348 143
327 158
298 160
185 335
196 327
210 320
224 327
235 323
260 333
286 343
261 361
239 369
226 368
212 364
198 350
194 337
212 338
225 342
236 341
274 343
236 342
225 343
212 339
