53 173
56 232
67 290
82 341
109 392
147 432
189 462
235 485
280 488
319 475
350 442
380 409
408 369
429 327
441 280
449 234
451 186
97 136
136 124
178 127
216 139
250 156
328 151
359 139
391 130
421 131
443 149
284 193
285 232
287 272
289 312
244 333
263 337
283 341
301 337
317 331
134 184
162 170
192 174
216 199
189 202
158 199
335 200
358 175
387 174
409 190
390 204
361 205
208 399
236 381
264 371
283 377
303 370
323 378
340 391
322 405
303 416
282 419
262 420
235 414
219 398
262 390
282 391
302 388
329 390
303 389
283 393
263 393
