58 144
58 190
65 237
74 281
93 322
119 360
153 394
191 418
228 424
263 417
297 394
326 362
350 326
367 286
380 244
387 200
387 155
91 118
115 100
148 97
180 101
208 114
259 114
284 101
314 96
344 98
368 112
231 154
232 188
233 222
234 256
201 275
216 281
232 286
248 281
263 275
122 152
142 141
166 143
185 163
164 165
140 163
281 163
300 143
323 139
342 151
326 162
303 165
180 336
199 322
217 312
231 317
246 312
263 322
282 333
264 354
247 362
231 364
216 363
199 357
189 336
217 330
231 331
246 329
273 333
246 333
231 335
217 334
