106 166
101 207
102 246
111 285
127 324
148 360
171 394
196 426
229 440
270 440
317 419
361 392
403 356
432 314
447 265
457 214
462 162
111 115
125 101
147 97
171 99
193 107
254 106
290 94
328 92
366 103
396 123
220 155
215 193
210 230
204 267
187 280
199 288
214 295
232 289
251 283
132 158
148 145
169 146
189 164
166 166
146 164
281 165
302 147
327 146
350 159
328 166
303 167
175 326
187 321
202 318
220 322
238 318
270 323
308 327
272 348
242 358
222 359
204 355
189 342
184 329
203 332
220 336
239 334
298 328
240 336
222 336
203 332
