65 201
67 255
75 307
90 360
119 407
156 451
196 495
240 530
288 544
335 530
373 497
403 455
430 408
446 356
454 306
462 253
462 201
105 152
132 129
169 120
205 124
240 140
323 147
354 133
390 131
423 140
445 163
278 198
278 237
278 276
278 315
238 336
257 342
279 348
299 341
318 334
146 190
169 176
198 179
220 204
193 205
165 201
333 207
355 184
383 183
405 198
384 207
357 208
191 392
223 382
257 374
282 377
303 372
340 374
378 380
350 432
315 456
291 461
263 459
226 442
205 396
258 392
283 392
305 388
365 386
311 428
288 431
262 430
