60 159
63 206
69 252
84 296
107 334
135 367
166 397
199 422
236 431
274 425
310 404
341 373
369 338
388 296
401 249
413 200
419 147
83 117
106 99
137 96
168 102
195 118
258 119
290 104
326 101
360 108
385 130
228 166
228 203
228 240
228 276
190 285
210 293
230 300
252 293
272 287
116 160
136 146
160 149
179 171
157 173
133 171
280 174
300 151
325 151
348 166
328 175
303 177
163 314
191 319
215 319
232 325
251 320
277 321
306 318
278 345
253 357
233 359
214 355
191 341
175 319
215 330
232 334
251 331
294 322
251 334
232 337
215 332
