69 191
67 234
70 277
75 319
85 361
105 398
136 428
177 446
224 454
273 450
318 435
356 410
383 375
401 334
413 290
424 245
431 198
96 126
116 101
146 88
177 88
206 101
267 97
299 84
335 83
369 99
389 129
234 148
232 172
230 196
228 220
202 261
215 263
229 263
244 262
259 260
126 174
144 160
167 158
188 171
167 176
144 178
284 169
305 155
328 156
348 168
328 173
304 172
174 337
194 309
215 293
230 296
244 293
266 308
288 335
266 352
244 359
229 359
213 358
193 351
188 334
215 321
230 321
244 321
275 334
243 329
229 329
215 328
