91 171
89 214
94 257
105 298
121 338
144 374
171 406
202 433
237 442
277 438
321 418
360 391
394 357
417 316
429 271
437 222
441 174
98 124
114 103
142 96
170 101
197 113
262 112
294 98
330 95
365 105
388 128
225 156
223 186
221 215
218 245
198 269
210 272
223 275
239 273
256 269
126 162
142 150
163 151
184 168
161 171
140 169
283 167
302 149
327 149
350 161
328 169
303 170
182 332
194 312
210 301
226 306
243 302
267 313
292 335
268 355
245 363
227 363
209 361
194 351
192 331
211 323
227 324
244 324
281 333
243 338
226 338
210 336
