-13 166
-8 218
1 272
19 322
51 363
92 393
142 416
191 432
231 435
261 424
282 393
301 360
320 325
336 287
349 248
354 207
351 168
60 106
90 83
129 71
170 72
207 88
268 94
290 81
316 79
340 86
353 105
243 148
249 180
256 212
263 244
215 273
233 276
250 279
262 276
272 271
105 155
131 145
157 146
178 162
155 167
129 165
268 164
290 148
313 148
328 157
314 168
291 169
170 339
204 319
232 307
248 309
261 306
275 315
283 332
273 353
260 363
245 366
229 366
202 360
183 338
231 325
246 325
259 324
273 333
259 337
246 339
231 339
