107 150
106 190
113 230
131 269
148 307
169 345
188 383
211 416
245 428
286 428
333 409
376 379
413 341
438 297
452 249
461 194
465 140
105 91
121 78
144 80
167 86
188 99
253 96
287 84
324 79
360 87
391 104
221 149
218 182
213 215
207 248
197 269
207 276
218 280
232 278
247 275
131 142
147 134
171 136
190 155
168 159
144 156
279 159
299 143
326 143
350 155
328 167
301 166
190 330
195 315
206 308
219 316
232 312
258 324
285 343
260 362
237 368
222 368
207 363
196 349
198 332
207 330
220 333
234 333
274 342
234 340
221 340
207 335
