75 218
79 268
90 317
102 364
122 406
151 443
190 472
231 495
277 504
324 501
368 481
409 449
442 411
466 366
479 315
486 262
487 209
102 146
128 121
165 113
203 117
237 132
304 132
339 118
379 117
417 127
448 149
273 187
274 226
274 264
275 303
238 330
257 337
277 342
297 337
316 330
142 188
164 173
193 174
218 198
191 202
162 201
331 199
357 174
387 174
410 191
388 203
359 204
210 397
237 381
262 370
280 376
300 370
326 381
352 397
327 417
301 427
279 429
260 427
236 417
224 398
262 395
280 396
300 395
339 397
300 398
279 400
261 398
