85 165
87 210
95 252
105 294
119 335
142 372
172 405
203 432
240 445
280 439
323 422
357 393
383 356
401 312
413 267
422 219
425 171
100 119
120 99
149 93
177 96
205 107
256 107
289 93
325 90
361 97
392 118
227 151
224 181
221 212
218 243
197 268
210 273
224 276
240 273
256 269
128 158
147 146
170 146
190 164
168 169
144 168
282 164
304 146
330 145
353 158
332 167
305 168
174 335
189 316
208 306
224 311
239 306
266 317
293 335
269 360
244 369
227 370
209 368
191 359
184 334
208 324
225 325
240 325
283 335
242 348
226 349
209 347
