85 217
87 267
95 315
105 362
125 405
155 442
194 472
236 497
283 507
330 501
372 476
409 443
438 403
458 356
470 307
478 256
481 204
105 153
132 128
170 120
209 122
246 135
305 132
344 118
385 114
424 125
451 153
280 187
280 223
281 257
281 292
245 320
264 325
283 330
301 326
318 322
143 197
168 182
196 182
221 203
194 208
166 207
335 203
359 182
388 181
412 197
390 207
361 208
204 395
231 373
260 360
278 365
297 361
323 377
349 398
322 421
297 429
277 430
256 428
230 417
218 394
259 385
279 387
297 387
333 397
296 398
277 398
258 396
