66 147
69 192
77 237
86 280
101 321
124 356
154 388
192 412
230 418
269 411
305 388
335 357
359 321
375 280
386 237
395 194
400 147
86 125
106 103
136 97
165 101
193 112
272 112
303 99
335 94
365 99
384 119
232 154
231 188
231 222
231 255
198 271
214 277
231 282
248 276
264 271
116 162
136 151
160 152
183 166
160 170
136 171
281 165
304 149
327 148
349 158
330 167
305 167
172 328
194 314
214 305
231 310
249 305
271 312
293 325
272 348
251 358
231 359
213 358
193 350
183 327
214 327
231 327
250 327
281 326
249 331
231 332
214 331
