112 179
104 220
105 260
114 300
125 340
139 378
161 410
191 433
230 440
274 436
314 422
346 396
370 363
389 324
403 280
416 237
421 192
118 121
135 102
159 97
186 98
213 107
268 106
299 93
335 90
368 99
393 121
231 154
225 182
218 208
211 235
189 266
203 270
219 274
237 270
257 266
133 168
151 156
175 155
196 170
173 177
148 176
285 167
311 152
337 152
359 165
337 173
310 172
171 334
182 308
201 294
218 299
232 294
260 307
289 331
263 350
238 358
221 360
203 359
185 351
182 332
202 322
219 322
234 321
277 331
235 328
220 329
203 328
