112 159
110 199
114 238
123 277
136 315
154 351
174 384
199 414
232 427
274 424
318 402
360 371
392 333
415 289
432 242
444 192
448 141
107 111
123 96
148 97
173 104
197 115
253 108
289 96
326 89
364 93
396 113
224 155
220 189
216 221
210 255
194 274
206 279
219 283
235 280
253 277
134 153
150 142
171 144
190 163
168 165
147 162
284 162
305 144
329 143
352 155
332 166
306 166
180 327
192 321
206 314
221 319
236 315
260 324
292 335
262 354
239 359
222 359
207 356
193 348
190 330
207 330
222 332
237 332
280 334
237 335
222 335
207 333
