44 203
42 259
47 316
59 372
82 425
114 471
155 512
209 542
267 553
323 543
371 513
412 475
444 428
459 373
462 316
468 260
467 207
108 156
133 131
166 121
200 123
231 136
322 132
356 120
391 117
425 128
447 155
280 188
280 224
281 260
281 297
242 323
260 330
279 335
297 330
313 324
150 198
172 180
201 181
223 203
200 208
171 208
335 202
360 179
389 178
411 194
391 205
362 207
196 392
228 375
259 366
279 371
298 366
327 375
352 393
328 423
300 437
278 439
255 437
226 424
210 392
258 386
279 388
299 386
340 392
298 413
278 417
256 414
