27 154
31 203
40 251
54 296
76 335
107 368
143 395
183 416
220 422
254 413
282 386
308 353
332 317
353 282
367 244
372 204
373 164
73 117
104 99
142 95
178 101
210 117
269 112
296 98
323 89
352 90
371 107
241 158
243 193
245 227
247 263
207 278
225 283
242 288
257 283
272 276
114 158
138 147
163 148
184 167
161 170
136 169
279 162
297 142
321 140
338 150
325 162
301 166
166 330
199 326
227 319
242 322
256 317
271 322
287 326
270 346
255 355
240 358
223 357
197 348
178 331
226 335
241 336
256 333
278 329
255 334
240 337
225 336
