82 209
80 262
85 315
97 367
119 414
152 453
190 489
233 517
283 526
333 517
377 489
416 453
451 414
475 367
487 316
491 263
489 210
115 140
143 123
177 123
208 131
237 148
310 149
340 130
375 120
413 120
446 137
274 194
274 230
273 265
272 302
240 330
257 336
276 341
295 336
314 330
147 195
169 180
196 182
219 206
192 208
166 207
338 206
359 182
386 178
411 194
390 205
363 207
201 392
229 382
255 375
276 380
293 375
323 384
356 395
322 419
294 430
275 432
253 429
228 417
212 395
255 397
276 400
294 399
344 397
294 400
275 401
254 399
