39 179
42 227
49 272
55 317
70 357
96 389
130 411
173 423
219 427
261 419
297 400
328 376
351 345
367 308
377 269
384 227
389 185
80 112
109 92
141 84
176 88
206 102
273 106
298 99
324 101
347 110
365 128
241 154
243 177
245 199
247 222
207 258
224 262
239 265
252 264
264 261
114 162
137 150
163 151
186 167
161 173
135 173
273 174
293 159
317 163
333 177
317 184
294 182
169 325
197 302
223 291
236 295
250 293
265 307
278 330
261 342
245 347
230 349
216 347
194 343
182 322
221 313
234 313
247 314
266 327
246 326
233 327
220 326
