-10 173
-5 225
4 277
21 326
54 365
98 394
146 417
194 433
237 433
271 420
293 390
313 355
332 319
346 281
354 242
357 204
353 166
72 120
102 100
137 88
176 90
210 103
257 104
282 93
308 90
334 97
349 115
237 153
242 182
249 211
256 240
214 269
230 272
246 275
259 270
271 264
112 161
134 147
160 147
180 164
158 170
133 170
265 162
283 145
306 143
322 155
309 164
287 166
180 338
210 317
236 303
251 305
262 299
276 308
283 328
276 346
265 357
252 360
236 360
211 354
195 337
236 326
250 325
263 323
273 328
263 329
251 332
237 333
