81 168
81 209
87 251
97 290
115 328
142 361
168 390
199 420
241 430
287 425
329 401
369 371
403 338
425 299
435 253
441 204
443 155
91 126
114 114
141 117
167 123
192 134
251 130
283 117
317 110
352 110
385 120
224 163
224 197
223 230
222 264
192 279
209 287
226 291
245 285
264 278
123 162
141 146
166 147
186 169
164 173
139 172
278 168
300 144
327 144
350 158
330 170
302 172
168 321
192 320
212 316
227 320
244 316
270 321
302 325
271 340
245 346
228 347
212 345
192 336
178 325
213 327
227 329
245 327
290 326
244 327
227 328
212 326
