92 162
91 203
97 244
106 284
117 324
135 361
161 394
193 420
232 430
276 426
322 406
362 378
392 342
411 300
422 255
433 208
439 161
98 117
115 98
142 93
168 98
195 110
261 110
295 98
330 94
365 102
391 124
226 155
222 188
217 220
213 253
192 273
204 279
218 284
236 279
254 274
126 161
145 147
170 148
190 167
166 172
142 171
282 167
305 150
331 149
353 163
332 172
305 171
171 328
188 318
206 313
223 318
239 313
265 320
295 330
267 353
241 361
224 362
205 359
187 349
181 330
206 331
224 333
240 331
283 332
240 333
224 334
206 331
