127 168
121 207
122 246
132 284
145 322
162 358
181 392
203 421
232 431
271 429
316 411
358 389
394 362
419 324
434 278
442 230
445 185
122 109
134 95
155 95
177 101
197 114
260 111
293 98
329 94
364 102
392 121
225 154
219 182
212 209
205 236
195 265
204 271
216 274
230 272
246 269
139 157
152 143
176 144
197 163
174 168
150 167
283 166
305 147
332 148
357 163
333 173
305 172
178 327
187 311
202 302
214 307
226 304
253 318
281 337
253 356
229 363
215 363
202 359
187 346
187 327
203 326
215 327
228 329
270 335
227 332
214 331
203 329
