29 170
32 219
42 268
55 312
79 351
112 383
149 410
189 428
228 430
261 420
286 390
309 357
332 323
349 286
359 244
363 203
360 161
79 130
106 111
138 102
172 103
202 115
267 113
291 101
316 96
342 99
357 118
241 158
244 194
249 231
253 267
213 288
230 291
246 294
261 288
273 281
114 162
137 151
161 151
182 167
161 169
136 169
279 162
296 142
317 139
334 148
320 158
299 161
165 327
200 328
229 322
244 325
259 319
275 322
293 319
274 344
260 358
244 362
227 362
199 352
175 330
228 337
244 338
259 334
283 325
258 336
243 340
228 339
