90 152
89 195
96 238
108 279
125 319
148 354
174 385
204 412
236 423
273 423
309 405
341 379
369 345
391 304
403 257
411 208
413 159
98 110
115 93
141 91
167 99
192 110
261 112
291 98
326 93
359 100
386 118
224 155
222 190
219 225
216 260
193 275
206 282
222 286
239 282
255 276
124 149
143 139
166 141
184 161
162 163
139 160
280 161
302 142
327 141
349 154
329 164
303 164
182 332
196 321
211 313
225 318
237 313
262 322
289 334
265 351
242 357
228 357
213 354
199 346
193 333
212 329
225 331
238 330
279 334
240 332
227 332
213 330
