48 240
54 290
65 339
79 383
100 425
133 458
174 483
221 501
265 505
306 495
339 467
367 435
388 396
402 351
411 306
416 263
415 220
99 165
125 140
161 127
199 127
233 140
316 142
341 132
368 131
392 138
407 158
278 196
281 223
286 250
291 278
246 315
264 320
282 323
298 319
312 313
138 211
162 195
191 194
215 210
190 217
162 218
315 209
337 192
362 193
382 207
363 215
337 215
207 395
235 367
265 351
282 356
298 351
319 364
334 390
318 413
297 424
280 427
260 426
233 418
220 393
263 374
281 374
297 373
322 389
297 398
280 400
262 400
