51 142
56 191
68 238
81 283
102 324
131 360
165 392
203 414
243 417
281 407
317 382
348 353
373 318
390 278
400 233
409 188
411 140
79 116
103 97
135 93
167 99
197 110
265 109
295 95
326 89
359 92
383 110
231 154
232 188
234 222
236 256
202 272
218 278
234 282
250 278
265 272
118 155
139 140
164 141
182 162
161 167
136 166
278 160
297 138
323 135
342 149
327 161
301 164
182 333
200 319
218 312
231 317
246 311
264 319
283 330
267 352
250 361
234 362
219 361
201 353
192 332
218 330
232 331
247 329
272 330
248 335
233 337
219 336
