75 196
81 245
91 294
103 342
123 387
154 428
196 462
240 489
285 500
332 493
374 465
408 428
435 385
450 337
461 288
470 238
471 187
106 147
129 122
164 111
199 112
234 123
313 122
348 109
386 105
423 116
447 145
275 184
277 223
278 261
279 299
246 327
263 331
281 336
298 330
314 324
148 194
171 181
198 180
220 198
196 202
169 201
337 196
361 178
388 175
409 189
390 199
362 199
216 394
237 374
260 360
281 367
299 360
324 372
347 395
329 420
305 432
284 434
262 431
237 419
229 394
261 390
282 391
300 390
334 395
302 395
283 397
262 393
