101 167
96 208
98 249
109 289
125 327
144 367
169 401
196 428
232 438
275 435
321 418
364 395
400 365
427 322
442 273
452 221
458 171
110 116
127 100
153 95
180 97
205 105
261 105
296 93
335 89
372 98
400 121
227 152
223 183
219 214
215 245
195 267
208 273
222 277
238 273
255 269
131 160
148 150
171 150
190 165
169 170
146 170
284 163
307 149
333 149
356 159
333 169
308 168
175 332
187 314
203 303
220 309
236 304
261 315
288 334
262 355
238 362
220 363
202 360
187 351
185 332
204 326
221 328
237 327
275 333
236 334
220 334
203 332
