61 156
66 202
75 247
86 290
104 331
133 367
168 396
205 417
243 423
281 413
317 388
350 357
376 322
391 281
400 239
406 195
405 151
82 123
103 101
134 96
165 101
195 113
260 112
289 100
320 95
351 98
377 113
229 160
229 189
229 220
230 250
201 273
216 277
231 282
247 277
261 272
119 159
138 146
164 148
183 168
161 173
136 172
280 165
298 145
323 143
343 155
326 167
302 170
181 331
199 315
219 305
233 310
248 305
271 314
292 329
274 350
253 361
236 364
219 362
199 353
192 331
219 326
234 327
249 325
281 329
251 334
235 336
220 334
