120 161
111 200
111 241
122 281
138 320
157 358
179 394
203 426
235 439
278 439
327 420
374 390
414 352
441 308
457 258
468 203
472 149
115 106
129 93
152 93
174 101
194 111
257 109
292 92
330 86
370 97
399 119
220 153
214 189
206 225
198 261
187 279
198 287
212 292
229 288
246 284
133 152
149 139
173 140
194 161
170 165
146 164
279 162
303 142
332 142
356 157
332 169
304 168
173 329
183 322
197 319
214 325
231 321
263 329
302 335
267 363
237 371
218 371
200 366
186 352
181 333
199 338
215 342
233 342
290 337
234 343
217 343
199 339
