16 161
24 209
35 256
44 304
63 347
97 381
139 408
187 427
233 429
272 417
301 388
326 353
343 318
355 280
362 240
368 200
369 158
67 123
97 103
134 93
170 96
206 106
258 106
286 95
315 92
343 98
359 121
235 150
240 180
245 210
251 240
212 269
228 272
245 276
258 271
269 265
112 159
135 148
159 148
178 162
158 167
133 167
269 161
288 145
311 144
329 155
314 163
291 165
179 336
205 315
230 303
246 307
263 301
279 309
290 326
280 344
265 354
247 357
229 358
205 353
192 334
229 325
246 324
262 322
280 327
263 325
246 328
230 328
