77 174
76 219
84 264
95 307
110 348
135 384
163 411
195 432
231 437
268 432
304 411
336 384
365 352
386 317
398 276
407 233
412 189
89 135
108 111
136 102
167 103
197 113
260 112
293 105
328 107
360 120
379 146
230 158
227 188
224 217
221 246
191 267
207 273
224 279
243 274
260 269
124 164
143 152
166 154
185 170
164 171
141 170
281 173
299 159
322 160
342 173
323 177
300 177
164 322
186 307
209 301
228 306
248 303
275 312
304 326
274 351
247 360
225 360
205 358
183 347
172 323
209 317
228 320
248 319
295 326
247 340
226 341
207 339
