126 151
121 189
123 226
132 266
147 304
167 342
189 382
210 420
247 437
296 437
346 417
394 388
434 350
461 306
477 259
486 205
487 151
114 90
124 76
143 76
163 84
183 99
234 98
276 85
320 85
362 97
396 120
209 153
201 192
192 230
182 267
173 278
186 290
202 299
221 295
241 290
135 140
147 126
171 129
192 154
168 157
144 154
273 163
295 143
324 143
352 161
327 171
297 170
176 328
181 320
192 319
206 327
220 325
255 336
297 346
258 371
228 377
210 374
194 367
185 351
184 332
193 341
208 346
223 348
283 346
224 349
209 346
194 340
