115 164
118 201
127 238
140 279
152 319
171 356
193 392
218 419
250 429
292 426
338 405
382 377
416 342
440 301
455 254
465 201
470 147
103 113
114 94
138 92
162 97
184 109
240 101
280 87
321 81
363 90
395 113
217 153
213 187
208 220
203 254
190 277
202 283
215 287
233 282
250 278
131 153
146 138
171 139
192 162
169 167
144 166
279 161
299 140
327 137
351 153
332 166
303 167
184 335
192 321
205 313
219 318
234 314
261 324
292 337
266 357
241 365
224 365
208 362
194 351
193 335
206 331
221 333
236 332
280 336
237 335
222 335
207 332
