75 169
75 213
82 255
93 295
112 331
137 363
165 393
196 420
232 428
266 420
298 398
324 369
349 337
367 300
379 259
388 217
391 174
92 133
117 121
146 123
173 131
199 141
264 140
292 128
321 120
352 120
375 133
229 169
228 203
227 237
226 271
193 280
209 287
227 293
245 288
261 282
118 159
138 144
162 147
181 172
160 173
135 171
278 172
297 147
322 145
343 160
326 171
301 173
169 324
190 321
212 317
225 322
240 318
264 323
291 325
266 355
242 368
226 369
210 367
189 353
178 326
211 328
225 330
241 328
281 327
242 345
226 347
211 344
