84 152
88 195
97 238
107 281
123 322
145 358
171 388
201 411
235 418
274 411
309 386
343 355
374 321
398 284
412 241
420 193
424 143
90 117
106 98
135 94
162 100
189 113
262 115
292 103
323 97
355 99
382 114
227 159
226 192
224 223
222 255
196 275
210 280
226 283
243 279
260 274
121 159
140 145
165 146
187 165
162 168
137 167
281 166
301 148
327 147
349 158
329 169
303 170
175 331
195 319
214 311
231 315
246 309
269 316
293 329
270 349
248 360
231 362
213 360
194 352
185 333
214 329
231 330
246 329
282 330
246 334
231 336
214 334
