5 153
9 202
16 250
28 298
51 340
86 377
130 407
179 427
226 431
263 420
292 389
315 353
332 315
344 277
355 238
360 201
358 164
72 107
102 88
138 82
175 87
208 101
270 102
295 91
321 86
345 90
359 108
241 152
245 185
249 217
255 249
210 273
228 277
245 282
259 278
271 272
110 157
133 145
160 146
181 163
158 169
131 169
273 164
294 147
319 147
334 158
321 170
297 171
169 333
201 316
229 305
243 310
258 305
276 315
288 330
274 350
257 362
241 365
225 364
198 355
181 333
227 331
242 331
257 330
278 332
257 332
242 334
227 334
