59 155
63 204
74 251
84 297
100 340
124 378
156 411
194 434
237 439
280 431
321 411
355 381
381 343
397 301
409 256
420 210
427 162
89 116
110 95
138 85
169 87
197 99
271 98
299 89
330 87
359 96
383 116
230 151
228 182
225 213
223 244
199 271
211 276
225 279
240 275
255 272
123 158
143 145
168 146
187 163
166 167
142 167
282 165
303 149
327 149
347 163
328 171
304 171
178 335
196 312
215 302
229 307
245 303
268 315
288 338
268 358
245 367
228 368
213 366
194 356
189 333
215 325
229 326
245 326
277 336
245 341
229 342
214 339
