45 347
48 397
54 447
65 495
85 539
118 576
160 607
205 631
247 638
283 628
314 597
342 563
366 528
383 489
394 448
403 409
408 368
107 339
137 322
174 317
211 323
246 336
306 336
332 322
359 314
385 316
401 334
273 382
274 414
275 446
276 478
235 499
253 502
270 506
285 501
299 496
149 379
172 369
198 370
215 390
194 396
168 394
312 388
331 368
355 364
371 375
358 390
334 393
189 545
222 542
251 536
266 541
280 535
297 538
315 541
297 565
280 577
264 580
247 580
219 571
200 548
250 554
266 555
280 552
305 546
280 552
265 556
249 556
