72 347
79 391
89 435
102 478
121 514
149 546
184 572
226 589
272 593
317 584
353 561
384 532
406 498
418 458
424 415
428 371
428 326
104 282
124 258
156 249
189 252
220 265
287 261
317 245
350 240
383 247
403 271
257 306
259 335
261 362
263 389
230 423
248 424
265 426
281 422
296 418
145 322
164 308
188 307
210 324
188 328
164 329
302 320
323 302
346 300
367 312
349 321
325 322
197 482
221 467
247 459
265 462
282 456
308 461
333 471
312 494
289 507
270 511
251 510
223 501
206 482
248 482
266 482
284 479
323 473
286 480
268 484
250 483
