41 350
43 408
47 467
59 523
85 573
128 614
180 646
236 671
290 678
338 666
373 631
403 593
428 551
442 504
454 459
461 412
462 365
125 297
161 274
204 267
248 273
286 290
344 294
373 282
405 280
435 287
453 311
316 347
319 381
321 416
325 450
277 483
296 487
314 491
330 489
345 485
169 350
196 336
226 336
250 358
222 364
193 362
353 363
375 343
403 344
422 360
404 371
377 371
228 555
263 533
295 518
313 524
328 520
347 534
361 557
345 577
326 589
308 590
288 589
260 579
242 555
293 547
311 548
326 548
348 556
326 554
310 555
292 554
