22 343
20 384
24 427
33 467
51 504
76 538
104 570
138 595
173 605
209 600
247 577
280 544
307 506
326 465
337 421
344 375
348 332
48 281
71 273
94 272
116 275
136 285
193 284
223 271
254 267
286 272
312 287
168 328
167 360
166 392
165 423
144 444
155 450
167 454
180 449
194 444
67 330
85 315
109 318
125 338
106 342
82 341
215 338
232 316
257 314
277 329
261 340
236 342
113 488
134 480
156 476
172 480
190 476
215 480
241 484
216 513
192 526
172 529
155 527
134 514
122 491
156 497
172 498
191 496
230 487
191 500
172 502
155 500
