48 355
67 402
90 446
112 488
137 525
175 553
220 574
267 588
311 582
351 563
383 532
409 495
427 450
429 399
426 348
423 295
415 244
63 308
83 280
117 266
155 264
196 266
243 248
271 225
304 209
340 204
372 217
228 304
237 336
245 369
255 402
234 440
250 438
266 436
278 427
291 420
110 338
127 319
153 313
180 329
157 340
130 345
281 300
296 272
322 263
345 272
331 289
305 297
220 505
239 484
258 467
274 466
287 457
310 459
338 466
321 486
304 501
288 509
272 513
249 513
231 502
262 488
278 484
292 478
328 470
295 477
281 484
265 487
