83 364
86 410
92 454
101 498
118 538
145 572
178 602
216 627
258 633
300 622
342 597
381 567
411 532
427 491
436 448
444 404
449 358
98 320
117 298
145 289
176 290
205 301
283 298
312 285
346 283
378 292
403 312
245 344
243 374
242 404
241 433
215 459
229 463
244 466
260 462
276 457
136 358
154 345
177 345
199 359
176 363
153 363
298 354
316 338
340 338
361 350
342 355
318 356
176 511
202 500
229 493
249 497
267 493
296 497
330 506
297 531
268 541
248 544
227 543
201 534
187 512
229 511
249 512
268 510
317 508
267 520
248 522
228 521
