23 280
21 322
27 366
39 409
53 451
74 490
101 526
132 555
172 568
217 564
263 541
303 510
336 472
360 427
377 378
385 324
386 272
26 222
41 206
64 203
89 207
113 217
172 214
204 201
240 196
276 202
307 219
140 264
138 295
136 326
133 357
116 389
129 394
143 395
159 393
175 388
49 269
65 256
89 256
108 275
87 282
63 281
199 274
219 255
246 254
269 266
249 278
222 279
107 464
118 443
132 432
146 436
161 431
187 442
213 459
191 481
169 491
152 492
137 490
122 483
118 464
134 456
147 456
163 455
201 460
165 460
150 462
136 460
