46 291
50 344
57 395
69 444
91 489
126 528
165 561
212 584
258 586
299 570
329 532
353 493
376 453
392 411
401 368
408 326
408 281
100 258
131 242
167 237
201 243
233 257
291 255
317 242
344 233
373 233
394 248
267 303
270 336
273 368
276 400
238 425
254 428
270 432
283 427
294 421
142 305
165 292
190 293
211 314
188 318
162 317
302 309
321 287
345 284
365 295
350 308
326 312
192 475
223 467
251 459
266 462
280 456
298 462
315 473
298 497
281 511
265 516
248 516
222 505
202 477
251 482
266 482
280 479
305 475
280 483
265 487
250 487
