19 401
22 451
32 499
47 545
67 589
96 628
133 666
175 697
223 708
274 701
325 674
368 633
402 588
424 538
434 484
442 428
443 372
34 364
60 346
93 342
127 345
158 358
229 354
265 337
304 331
345 334
381 348
195 403
195 437
195 473
194 509
166 534
183 541
201 546
219 540
237 534
73 404
96 388
125 389
148 413
122 419
93 418
259 409
282 384
313 379
337 394
317 409
287 412
140 590
168 583
190 577
207 581
225 574
258 580
296 584
263 614
233 627
213 630
194 628
171 616
154 594
192 598
209 599
228 596
283 588
229 598
210 601
192 598
