11 232
11 286
13 342
19 396
43 442
84 475
130 502
180 522
225 527
265 520
295 495
321 468
344 435
359 396
370 356
376 316
378 273
83 203
116 186
156 181
195 188
232 204
297 209
323 202
347 202
370 207
383 224
259 253
262 286
266 319
270 351
213 369
234 375
254 382
272 378
289 371
122 241
148 230
175 232
196 256
171 256
144 252
291 264
312 245
336 246
353 261
336 269
313 268
134 399
181 399
223 399
247 405
270 400
294 402
314 409
289 448
261 468
236 471
210 467
171 447
144 403
220 413
244 417
267 414
307 412
265 444
240 448
215 446
