72 430
63 472
59 515
60 557
70 597
88 635
112 669
142 697
178 712
216 715
257 701
295 678
328 650
354 615
373 576
387 536
396 495
102 393
127 378
158 375
188 383
213 401
281 413
309 405
339 407
365 421
379 446
239 450
233 479
228 508
222 536
185 551
199 557
214 564
230 564
246 564
127 434
150 425
172 430
189 452
167 450
144 445
281 469
303 454
325 456
342 471
323 476
301 474
134 591
165 590
193 590
208 597
227 597
252 606
277 616
246 639
219 645
199 642
181 637
158 622
143 595
189 607
206 612
225 614
267 617
222 624
204 622
186 617
