45 298
44 340
46 384
53 426
71 464
98 498
129 530
166 555
206 566
247 560
291 536
328 504
359 464
378 421
390 374
399 326
402 277
66 236
93 230
120 231
144 235
167 247
229 245
261 232
294 227
330 231
360 246
200 288
199 320
199 353
198 385
173 405
186 411
200 416
215 411
231 407
90 288
110 274
135 277
153 298
131 303
107 300
254 298
273 276
299 274
322 289
302 300
276 302
139 448
164 440
186 436
205 440
223 436
250 441
282 445
252 475
226 487
205 490
185 487
163 475
150 452
186 458
205 459
224 458
270 449
224 460
205 462
186 460
