63 313
66 361
76 406
89 451
110 494
136 534
170 568
208 593
251 598
295 588
340 564
379 532
410 495
432 451
442 403
445 354
444 303
82 265
102 243
133 234
165 235
196 244
262 240
294 229
327 225
360 228
391 241
231 292
231 325
231 356
231 389
206 417
221 420
235 423
252 419
267 414
117 306
137 292
162 291
185 307
162 314
137 315
290 302
311 283
337 282
362 293
341 305
315 306
185 488
203 464
223 452
238 455
254 452
279 463
306 482
281 504
258 514
239 515
223 514
203 507
196 486
224 474
239 474
256 473
295 482
255 487
238 489
223 488
