33 364
33 402
40 442
50 481
62 519
80 558
105 592
135 618
172 626
213 618
251 596
283 566
309 529
326 488
336 443
343 398
345 354
41 308
55 290
77 284
101 286
122 297
178 290
205 278
235 276
263 283
286 300
150 345
148 378
145 411
143 443
124 466
136 472
149 476
164 471
177 466
66 351
80 337
101 338
118 356
100 361
78 361
198 352
215 333
237 331
255 343
241 353
219 356
114 519
125 506
139 499
152 503
168 499
192 505
218 513
195 535
173 547
156 549
142 547
127 537
122 519
140 516
153 517
169 515
208 515
170 522
155 525
141 523
