40 308
40 347
46 386
55 424
67 460
86 494
110 526
138 551
171 561
207 556
242 537
273 510
298 477
316 438
327 395
335 351
339 308
51 261
70 248
95 246
120 252
142 264
198 262
225 249
254 245
283 250
307 264
167 307
165 337
163 366
161 396
140 419
151 424
164 427
178 424
191 421
73 306
91 293
114 296
133 318
111 322
87 320
213 319
231 297
256 295
276 308
259 322
234 323
113 465
133 459
151 455
163 461
177 457
199 464
227 469
200 492
178 500
163 501
149 498
131 487
124 468
151 472
163 474
177 474
215 471
177 475
163 475
150 473
