31 329
30 385
36 443
43 499
58 552
88 600
129 639
175 667
224 678
274 670
320 645
361 610
392 567
412 517
424 464
433 410
436 357
63 280
95 259
135 256
174 266
208 285
273 286
312 274
351 268
390 277
416 303
240 330
238 372
237 414
235 457
193 486
212 491
232 496
252 492
271 489
103 330
127 314
157 318
180 343
154 345
124 342
298 348
324 325
354 325
376 343
355 353
325 353
147 542
182 538
210 534
228 540
249 535
276 542
307 547
276 570
249 581
227 584
206 581
179 567
159 546
209 553
228 556
250 553
294 550
249 552
227 554
208 551
