25 271
23 313
27 356
34 396
47 435
66 470
90 504
119 533
153 545
190 539
229 519
263 489
292 454
312 414
323 371
333 326
339 281
42 228
59 213
81 210
105 212
127 220
189 220
218 212
247 211
274 220
294 236
155 269
151 297
147 326
144 355
125 379
135 384
146 387
159 385
172 383
66 268
83 257
104 259
119 277
101 278
80 276
202 280
220 262
241 262
259 275
243 281
222 282
97 428
116 418
135 414
147 419
164 417
188 424
215 432
188 457
164 467
146 468
132 465
114 453
106 431
134 433
147 436
164 435
205 434
164 442
147 443
134 440
