101 145
103 186
112 225
125 262
140 301
159 337
183 369
212 394
249 403
293 397
341 375
384 349
418 313
439 271
452 224
458 173
460 121
92 100
110 87
135 88
161 94
187 105
246 104
284 91
323 85
364 90
400 107
219 154
215 190
210 224
205 260
189 275
202 281
216 284
234 281
253 279
123 149
141 141
165 143
185 160
160 164
138 162
280 164
302 147
330 146
356 154
333 169
304 170
184 329
195 320
209 313
223 320
237 316
263 325
295 334
265 353
242 360
226 360
210 356
197 347
193 330
210 332
225 335
239 334
283 333
238 331
224 331
209 328
