108 171
107 211
112 251
123 290
140 328
162 363
186 394
212 418
244 426
281 421
323 403
362 378
397 350
425 313
441 268
448 220
450 173
106 115
122 97
146 95
171 100
194 112
251 104
283 92
318 88
354 92
385 109
222 155
218 186
213 217
208 249
195 272
206 278
219 282
235 278
253 274
131 158
147 145
170 146
189 166
168 171
144 169
283 165
305 145
331 143
356 156
334 168
307 169
181 332
193 317
207 306
222 311
237 307
262 319
292 334
266 355
241 363
225 363
209 360
194 351
191 332
209 327
223 328
239 327
281 334
239 333
224 334
209 332
