113 161
109 201
112 241
125 280
143 319
166 353
189 386
212 417
241 430
277 430
317 411
353 384
386 351
413 310
430 262
439 211
440 161
106 103
122 92
146 97
167 106
188 117
244 111
278 101
315 97
352 99
387 110
218 158
214 194
209 230
204 267
186 281
199 289
214 294
231 290
251 287
129 146
144 136
167 139
185 160
163 163
141 160
278 163
297 144
324 144
350 155
327 167
300 169
182 324
193 323
205 321
220 328
236 325
264 332
301 335
266 359
239 368
222 368
206 362
194 346
191 330
206 336
221 340
236 340
290 336
236 341
221 341
206 336
