59 142
65 193
76 242
87 288
105 331
132 368
164 400
199 424
235 429
270 419
306 391
338 359
365 324
385 284
397 241
404 196
407 148
85 114
107 97
137 93
168 98
196 111
266 110
293 99
321 95
350 97
373 108
231 156
231 188
231 220
231 252
203 272
217 276
231 280
246 275
260 271
119 157
139 145
163 147
181 166
160 169
137 167
283 166
300 148
323 146
343 158
326 167
304 168
180 335
198 318
218 310
233 314
249 310
269 317
286 332
269 357
249 368
232 370
215 369
196 360
191 334
218 332
233 332
250 331
276 333
249 337
231 339
216 338
