118 112
113 145
115 177
126 208
139 240
154 273
169 305
183 334
208 346
246 344
293 329
339 306
381 276
411 238
424 191
426 140
427 92
102 57
110 51
123 54
137 59
151 70
199 64
231 50
267 45
304 52
336 68
175 109
168 136
159 162
150 189
148 207
157 213
169 216
183 214
198 211
121 104
130 94
148 95
164 111
145 115
128 114
231 114
247 97
271 97
295 108
274 119
250 120
161 256
155 245
163 242
173 248
183 245
212 253
244 266
215 286
191 291
178 290
168 285
162 271
165 256
166 254
175 258
187 259
233 264
187 266
176 264
167 259
