101 163
99 204
103 247
114 287
131 326
151 362
176 395
204 423
241 435
283 430
326 408
363 378
394 343
415 298
426 250
433 200
437 150
107 108
126 97
150 99
173 103
195 113
253 112
283 100
315 96
349 98
381 110
225 155
224 186
221 219
219 251
200 273
212 277
225 281
240 277
255 274
129 155
146 145
167 146
184 163
164 167
143 166
283 163
301 146
325 143
347 153
328 165
304 166
180 334
195 322
211 313
226 318
240 314
266 324
294 338
269 360
244 368
228 369
212 366
195 355
189 335
212 333
227 335
242 335
283 339
242 340
227 341
212 339
