47 169
47 217
51 265
64 311
86 352
114 385
145 414
183 437
222 444
260 437
293 411
323 381
351 346
369 302
382 256
392 208
396 160
91 108
117 96
146 92
177 96
206 106
271 108
299 96
329 92
358 98
378 120
235 156
234 195
234 233
233 271
197 283
215 288
234 294
252 287
269 280
120 154
142 142
166 145
185 167
162 168
138 164
281 166
300 144
325 142
346 154
327 165
302 166
161 326
187 321
213 318
233 321
250 317
272 319
295 323
274 352
252 363
234 365
213 363
188 351
170 329
213 338
233 339
251 337
284 328
251 338
234 340
213 338
