61 137
65 182
71 226
78 271
93 313
121 351
156 385
195 415
236 425
276 415
313 386
347 353
374 316
392 275
402 231
409 186
412 141
75 118
104 100
140 101
174 110
205 126
255 124
289 111
323 106
359 106
390 120
230 165
230 203
230 240
231 277
196 286
212 293
229 299
246 292
262 287
112 155
134 143
163 148
183 174
158 177
129 173
278 176
298 151
325 147
348 159
330 175
303 178
159 317
188 320
213 319
231 324
250 318
275 318
306 314
278 345
253 362
232 365
213 363
187 348
171 323
213 329
231 332
250 328
295 319
251 340
232 344
213 341
