-23 150
-20 206
-12 263
-2 318
21 366
61 401
112 426
168 441
217 441
250 429
273 399
293 363
310 323
324 284
336 246
340 205
335 165
75 102
107 85
145 77
182 82
216 98
276 103
295 92
314 87
333 89
342 103
249 154
255 184
262 214
269 244
220 278
237 280
253 283
265 279
275 273
108 155
134 139
164 140
184 161
160 167
131 167
271 163
289 142
312 141
324 155
314 166
292 167
171 348
211 330
243 318
257 322
269 316
279 325
281 337
275 354
266 367
251 371
234 373
206 368
184 348
240 340
254 340
267 337
272 339
266 338
254 342
239 343
