97 164
96 202
102 241
112 280
127 320
150 357
179 389
210 414
247 424
290 417
335 392
377 363
411 331
435 291
446 246
449 197
445 151
100 109
116 92
141 87
167 92
191 105
245 100
278 87
313 82
348 88
378 107
224 155
222 188
219 220
216 253
198 273
211 279
224 284
239 279
256 276
128 153
144 140
167 142
186 162
164 167
141 164
280 163
298 143
324 141
347 154
327 166
302 167
182 331
194 315
211 307
226 314
240 310
265 321
291 338
266 356
243 363
227 362
211 358
195 348
191 331
212 328
228 331
242 331
280 338
241 336
226 335
211 332
