122 162
117 200
119 236
131 274
146 314
163 353
183 391
206 426
240 439
284 435
335 413
380 384
419 349
446 306
462 259
470 206
472 156
120 114
128 96
148 92
170 97
192 108
246 102
285 89
325 83
366 93
395 116
220 152
215 184
209 214
202 246
193 273
203 278
216 282
232 278
249 275
139 156
152 144
175 144
194 163
172 166
150 165
283 161
303 144
329 143
353 155
331 165
305 166
181 333
186 319
204 310
219 315
234 311
265 322
297 339
269 359
241 366
223 366
207 363
191 351
189 334
206 332
221 334
236 334
284 339
237 337
221 336
206 333
