116 161
111 201
111 242
117 282
133 323
156 359
180 394
204 426
237 442
280 441
330 421
378 394
420 361
449 321
463 273
467 220
470 166
118 106
133 95
154 94
175 98
193 111
253 108
286 96
324 94
360 104
392 125
219 158
212 195
205 232
198 268
181 280
194 290
209 297
229 292
248 287
137 153
152 142
174 144
192 163
171 163
151 161
279 166
301 149
327 149
352 162
328 169
302 170
168 322
181 319
198 319
213 324
230 322
265 329
308 334
267 359
235 367
216 366
199 361
184 346
178 327
199 335
215 339
231 339
295 336
232 342
216 341
199 336
