48 134
53 184
64 231
76 277
94 318
121 355
152 388
188 410
227 416
263 411
296 389
322 353
346 316
365 275
380 232
392 186
397 139
76 118
104 100
140 94
176 97
211 106
261 105
293 96
324 93
355 95
378 110
234 155
234 189
234 224
234 258
200 276
216 280
233 285
248 280
265 273
115 155
136 143
164 145
184 163
161 169
133 168
279 162
299 143
325 142
347 153
327 165
302 167
174 342
191 319
216 307
232 313
248 305
271 316
286 336
274 372
253 390
234 393
216 392
191 376
182 342
216 326
232 327
249 324
277 336
251 361
234 365
217 363
