126 163
122 204
126 246
139 285
153 324
169 362
188 396
207 429
238 442
280 441
332 424
381 399
426 363
458 318
475 264
484 206
487 149
119 111
129 94
150 91
172 96
193 107
248 97
283 81
323 77
364 87
397 107
217 148
212 180
204 213
196 246
188 268
198 276
212 281
228 278
246 274
140 153
152 141
175 141
196 158
174 163
152 163
280 157
302 138
329 137
355 150
331 160
304 161
182 336
187 322
200 314
215 320
231 317
261 328
295 345
262 367
235 371
217 369
200 365
189 354
191 337
202 334
218 336
233 337
280 345
231 343
215 341
200 339
