55 161
59 209
68 258
78 303
97 346
122 385
153 417
191 435
230 440
267 430
302 404
335 373
361 340
380 303
389 261
394 219
396 177
78 131
102 106
138 98
173 102
205 119
265 119
293 106
323 102
353 106
375 128
233 154
233 188
232 220
232 253
200 276
215 282
231 286
248 280
264 272
116 156
137 142
163 143
186 162
162 166
136 166
281 164
301 146
325 146
344 160
327 170
302 169
176 335
197 322
219 313
234 318
250 312
272 318
291 331
273 352
253 365
235 367
219 366
196 357
186 336
218 334
234 335
250 332
281 332
252 335
235 338
220 336
