121 154
118 194
123 236
134 279
153 319
174 356
198 392
223 425
255 437
298 432
344 406
385 373
422 337
449 294
465 245
472 191
473 138
114 99
124 81
144 81
167 88
189 99
247 100
285 90
323 84
361 90
392 110
219 154
213 189
204 223
196 257
187 279
199 285
213 288
228 286
247 284
136 143
150 128
175 130
195 158
171 159
147 155
282 161
302 137
331 136
355 154
333 166
304 165
186 338
189 326
204 317
216 321
228 317
256 327
289 340
262 362
240 371
225 373
211 369
196 357
194 340
207 339
219 340
231 339
276 340
234 342
221 343
208 340
