82 144
85 187
94 228
104 269
117 312
136 353
158 392
188 425
226 437
270 432
315 408
357 379
392 342
411 297
422 249
431 199
435 148
96 111
115 96
142 94
169 101
195 114
257 111
289 98
324 95
359 103
387 123
226 161
223 195
221 228
218 262
193 278
207 284
222 290
239 285
258 280
125 158
142 144
166 147
184 169
161 171
139 168
282 170
300 150
325 148
347 162
328 172
302 173
168 324
187 319
206 316
225 322
244 317
271 321
301 328
273 353
245 363
225 364
205 361
187 347
179 328
206 334
225 337
244 335
289 330
244 337
225 339
206 334
