101 172
100 211
106 250
116 287
131 322
150 356
173 388
200 417
234 429
274 428
315 410
352 384
384 350
405 309
417 262
427 210
433 157
102 125
116 104
142 97
170 97
197 105
253 104
290 90
330 86
368 96
396 120
223 150
220 184
217 218
213 251
193 271
206 277
220 281
238 277
256 273
131 159
148 147
171 147
190 164
169 168
147 168
281 161
304 144
330 142
351 156
331 166
304 166
175 332
187 320
203 314
220 319
235 317
260 326
290 340
261 360
237 363
220 362
202 358
188 348
187 332
203 331
220 333
236 334
277 340
236 340
220 337
202 335
