82 198
87 252
101 303
116 351
137 397
166 435
201 466
241 488
284 490
325 482
362 457
393 425
419 386
439 341
453 293
459 245
456 198
107 145
137 124
174 120
210 125
244 139
314 137
347 124
383 120
417 121
445 141
278 188
279 228
280 269
281 309
241 328
260 333
280 338
300 334
319 328
140 185
164 172
193 174
219 198
191 201
161 200
336 198
358 175
388 174
412 188
392 202
362 203
215 396
237 380
260 370
280 376
298 371
320 381
341 395
319 415
298 425
279 426
258 424
236 416
226 396
260 392
279 394
298 392
329 396
297 395
279 398
259 396
