107 167
103 204
106 243
114 282
126 321
147 359
172 392
198 426
232 440
274 441
322 423
369 400
410 370
438 328
451 280
457 228
459 178
110 111
123 96
146 92
170 97
193 108
251 112
285 99
324 95
363 105
394 127
219 156
215 192
209 228
203 264
188 282
200 288
215 293
232 290
251 287
131 157
146 144
169 146
188 166
166 169
143 166
282 169
303 151
328 150
353 165
330 173
304 173
173 321
187 318
204 315
221 320
237 317
269 322
306 329
272 354
241 364
223 363
205 358
189 344
184 326
205 331
222 334
238 334
295 331
239 336
222 336
205 332
