55 152
57 198
67 244
79 284
97 322
122 357
154 387
191 411
228 420
265 413
298 388
329 359
357 324
376 285
387 242
398 197
401 152
80 117
106 101
138 100
169 105
198 118
262 119
291 108
321 102
352 104
378 118
232 160
232 198
233 236
234 274
197 280
215 288
233 295
252 287
270 279
116 157
138 145
163 147
183 167
160 169
136 167
280 167
300 147
323 145
344 155
326 166
303 168
167 321
196 318
220 313
236 318
254 312
276 316
301 320
277 344
256 356
237 359
219 357
195 345
178 324
219 331
236 333
254 331
292 323
255 332
236 334
219 332
