6 138
8 189
14 242
27 290
53 333
91 370
135 402
179 424
219 427
253 416
278 387
299 354
318 317
334 279
348 241
356 202
354 162
83 102
113 89
148 82
183 87
215 100
273 104
295 93
319 89
342 90
356 105
243 152
246 189
251 224
256 260
211 283
229 287
246 293
261 288
273 280
116 152
139 140
163 141
183 159
161 162
136 161
274 158
294 139
317 138
332 149
318 159
296 160
169 335
200 323
228 315
243 319
258 314
273 320
284 332
271 352
255 365
240 369
222 369
196 360
180 335
226 337
242 337
257 335
274 334
255 336
241 338
225 338
