48 180
51 237
61 295
78 347
101 395
132 437
172 471
217 496
262 501
303 492
338 462
370 426
398 385
421 340
439 291
450 243
456 194
94 139
132 123
176 121
217 131
254 151
335 153
366 140
399 132
431 134
451 156
291 194
292 235
293 277
295 318
250 336
269 342
288 349
305 343
320 336
138 186
167 169
201 172
226 200
197 205
163 203
339 203
362 177
393 176
416 193
397 209
365 210
210 403
240 389
269 380
287 387
305 380
322 388
339 399
320 425
302 436
282 440
261 439
235 430
222 404
266 402
285 404
303 401
328 401
302 402
284 406
265 405
