45 163
50 211
60 260
71 307
91 351
119 392
152 427
192 454
232 462
270 453
307 427
337 393
364 355
384 313
394 268
397 220
395 173
81 126
104 105
137 99
170 103
200 116
268 120
293 107
321 103
348 107
369 123
233 162
233 193
233 224
234 254
199 276
216 282
233 287
251 281
267 273
120 167
142 156
165 157
186 172
163 173
141 172
280 173
300 158
322 157
341 167
323 173
302 173
157 325
185 310
213 305
234 308
254 304
280 307
304 322
281 356
256 372
233 375
211 373
183 360
165 327
213 324
233 325
254 323
295 324
255 348
233 350
212 349
