-3 96
0 137
4 178
12 217
31 252
60 282
94 306
132 323
168 325
195 315
214 290
230 264
243 236
254 207
262 178
265 150
264 122
45 88
71 74
102 68
133 71
162 80
201 81
222 74
241 72
257 75
264 87
182 115
186 141
192 166
197 191
157 208
172 212
186 215
198 211
207 205
82 113
102 104
121 105
135 120
120 123
99 123
203 120
218 105
236 105
246 114
238 122
222 123
128 255
153 242
174 236
184 239
196 234
208 240
212 250
207 264
195 272
182 274
171 275
151 270
138 253
173 252
183 251
195 250
207 250
196 252
183 254
173 254
