70 147
70 192
76 236
88 276
110 314
140 350
172 384
207 414
239 426
273 421
310 398
343 370
372 338
394 301
403 261
408 217
408 172
86 110
114 95
147 92
180 100
211 115
270 118
301 108
335 105
366 110
390 126
238 157
236 192
235 227
233 261
205 276
218 282
232 286
247 283
262 278
122 151
142 142
167 145
189 162
164 167
138 165
286 168
306 152
332 152
353 163
333 175
307 174
181 323
199 318
216 315
230 319
242 315
260 321
285 326
263 344
245 351
232 353
217 350
201 341
191 325
216 328
230 331
243 329
273 328
245 329
232 331
218 329
