120 169
116 205
118 241
128 277
140 314
156 352
175 389
198 422
232 438
275 437
325 419
373 393
414 359
443 316
460 267
472 214
480 160
115 112
129 98
150 96
173 101
196 111
250 103
288 90
329 83
369 94
400 114
220 153
214 183
206 212
198 242
191 268
200 275
211 279
227 275
244 271
137 159
151 146
175 146
194 164
172 169
149 169
284 162
305 143
332 143
356 158
334 168
307 168
178 334
187 318
202 310
214 314
229 312
259 324
295 340
261 362
233 368
216 367
201 363
188 352
190 334
203 331
216 332
231 333
281 340
231 340
215 339
202 337
