97 297
99 349
101 403
112 454
142 494
189 526
238 551
287 570
330 574
361 561
376 530
391 493
405 460
417 425
426 389
429 354
427 321
201 252
232 233
268 228
302 235
334 250
377 254
395 247
411 245
426 247
434 258
358 299
365 329
373 359
382 389
334 413
349 417
363 421
375 417
384 411
241 296
264 287
287 288
301 305
284 311
261 308
373 310
388 297
407 297
415 310
407 317
389 317
287 475
320 461
351 452
361 456
372 453
382 460
380 477
376 495
366 508
354 511
341 510
314 500
297 475
348 469
358 469
369 469
373 477
367 483
356 486
345 486
