27 288
36 335
48 379
60 423
78 464
104 499
138 530
177 553
218 560
260 549
299 522
331 489
354 450
369 407
380 362
389 318
395 271
48 239
72 218
106 210
141 212
175 224
236 221
269 206
304 199
340 203
366 224
206 270
206 302
207 333
208 366
180 393
194 397
209 400
224 396
239 391
88 283
108 267
135 266
157 286
133 293
107 293
257 282
277 261
304 258
326 273
307 285
280 287
151 460
173 444
194 434
210 438
225 433
248 442
272 456
251 478
229 488
212 490
194 488
173 479
163 460
194 453
211 454
226 452
260 457
227 458
211 460
194 458
