119 179
121 230
129 280
144 328
162 375
187 420
215 461
245 499
286 515
335 511
388 485
438 448
482 403
511 349
527 288
539 225
545 161
120 130
141 114
171 113
201 118
230 131
298 129
341 116
386 111
430 118
465 137
268 186
265 223
261 261
256 299
239 326
252 331
267 335
284 331
303 328
153 182
174 172
202 174
224 195
198 200
171 198
340 194
361 174
391 172
420 182
396 196
365 199
221 397
238 383
255 375
270 380
285 376
314 387
349 403
319 433
290 442
272 442
255 438
237 424
232 400
256 397
271 399
287 399
336 403
287 409
271 409
256 405
