46 131
50 179
58 227
68 275
88 319
117 358
149 391
186 416
222 422
258 415
291 389
320 357
345 320
364 278
377 234
390 189
397 143
80 115
108 99
142 99
176 105
207 118
265 117
296 105
328 99
360 102
383 119
237 156
237 193
237 230
237 266
200 278
218 283
235 289
252 284
267 279
120 152
142 143
168 146
185 162
163 167
138 165
282 162
300 145
325 144
344 153
327 165
304 167
172 330
196 321
219 314
234 321
250 315
268 322
287 327
267 348
248 359
231 361
215 360
193 351
182 331
217 333
233 335
249 333
277 330
248 331
232 334
217 332
