3 168
10 218
21 267
36 313
59 355
90 389
132 419
179 440
224 447
262 435
290 406
312 372
330 336
343 298
354 258
360 218
362 177
64 120
92 95
130 83
171 84
207 97
261 98
288 87
316 86
342 95
357 118
239 150
243 179
249 208
254 237
211 269
228 273
245 275
258 273
270 269
109 159
133 144
159 144
180 162
158 167
130 167
271 166
291 147
315 147
331 162
316 170
293 170
175 338
201 319
227 307
242 311
256 307
272 320
284 338
270 359
255 366
239 368
223 366
199 359
187 337
225 324
240 325
254 325
274 338
254 343
240 344
225 343
