122 172
117 210
119 248
130 287
142 327
157 365
177 402
202 434
238 447
282 445
330 428
372 403
405 369
432 326
446 277
453 226
457 174
119 110
131 92
151 88
173 92
195 101
260 99
293 87
329 82
364 89
394 109
222 149
215 178
207 206
199 233
187 266
198 270
212 272
229 270
248 266
140 159
154 147
174 146
193 162
173 166
153 166
284 160
306 143
331 142
355 153
333 162
307 163
185 341
185 316
196 304
210 309
223 305
252 320
286 345
258 365
233 370
218 369
203 366
191 355
195 338
199 327
212 327
226 328
273 343
229 344
216 343
202 339
