86 152
88 195
95 238
107 281
124 320
148 356
173 390
201 424
236 435
277 430
321 406
364 371
403 332
430 288
446 239
455 186
461 134
88 116
107 97
135 95
164 100
193 113
253 112
288 101
325 98
362 103
395 119
224 160
222 194
219 229
216 262
193 282
206 287
221 293
239 287
258 282
124 156
142 146
165 150
185 168
161 170
138 167
281 169
299 151
324 150
349 160
326 170
302 172
169 324
190 320
210 316
227 321
243 316
270 319
303 324
272 349
244 361
226 363
207 360
189 348
179 329
209 335
227 337
244 335
291 328
244 336
226 338
209 336
