61 153
66 216
77 275
92 334
115 390
152 440
193 479
235 508
285 518
339 508
390 483
444 450
491 404
524 347
539 282
548 217
554 151
91 127
123 108
162 106
200 119
233 140
314 136
350 119
389 108
430 110
467 125
273 195
272 238
271 280
269 322
240 342
257 348
276 352
296 345
316 338
139 182
164 167
197 170
220 202
191 206
159 201
338 200
358 168
392 164
421 179
398 198
365 202
217 395
238 383
258 373
277 379
294 371
321 379
353 392
324 420
301 438
281 441
260 438
241 421
231 396
259 395
278 397
296 394
340 392
298 409
280 412
261 408
