39 137
46 187
58 237
71 286
91 331
121 372
156 409
196 438
239 446
281 436
319 407
351 371
376 333
393 289
404 243
415 196
422 147
71 114
98 95
132 92
166 98
198 112
263 113
295 102
328 100
361 104
386 121
232 159
232 193
232 227
233 261
202 278
217 284
232 289
248 283
262 278
114 158
137 147
163 150
183 170
159 173
133 170
280 172
300 153
325 151
346 164
328 173
303 175
169 325
197 322
219 320
236 324
253 319
275 322
301 323
276 351
254 363
236 366
218 364
195 352
182 331
219 338
235 339
254 337
289 328
254 336
235 339
219 337
