72 146
73 190
78 234
86 278
101 320
125 359
156 394
193 424
229 433
265 424
299 397
328 363
353 326
373 286
385 243
395 199
402 153
85 118
108 101
140 99
171 105
200 118
265 118
298 107
330 103
363 108
387 125
232 162
231 197
230 230
230 264
199 279
214 283
229 287
245 282
261 278
118 161
139 148
165 150
182 171
161 173
136 172
285 171
303 151
328 151
348 163
330 172
306 174
166 322
193 317
216 313
231 317
248 312
271 317
299 319
272 348
250 363
231 365
214 364
191 351
178 326
215 331
231 332
248 330
287 324
249 337
232 340
215 338
