47 139
53 187
63 235
74 282
94 327
123 364
155 400
193 429
232 439
271 431
308 403
340 367
368 327
386 282
397 233
407 184
413 135
78 121
106 108
139 110
170 117
199 131
268 128
297 113
328 107
360 106
388 119
232 167
233 203
233 240
234 276
202 287
218 293
234 300
250 293
264 287
118 165
139 154
164 156
183 174
161 177
137 175
282 172
302 153
327 151
348 163
330 172
306 174
156 315
188 318
213 318
233 324
255 318
279 318
310 314
281 344
255 358
232 361
211 358
185 344
167 321
213 333
233 335
255 332
299 320
254 333
233 337
212 334
