95 155
98 198
103 241
116 285
135 323
159 358
182 391
211 420
246 429
285 421
324 394
359 363
386 326
409 285
419 238
428 188
432 138
96 105
117 91
144 94
170 101
198 114
253 112
286 99
321 92
357 92
388 107
226 157
225 192
223 228
221 263
200 279
212 286
225 290
242 285
258 280
124 150
141 137
166 139
186 160
162 165
138 163
281 161
298 140
325 137
348 151
329 164
302 166
182 333
195 319
212 310
228 316
243 310
266 320
289 335
268 357
246 368
229 370
211 367
196 354
191 335
212 334
228 337
244 335
279 336
244 338
228 340
212 337
