84 128
88 175
100 220
116 262
139 300
168 337
195 371
223 399
254 408
289 402
327 375
360 341
389 304
410 261
423 216
432 167
435 116
91 99
111 89
137 92
163 99
189 110
250 114
283 102
318 95
357 92
394 102
223 156
222 196
220 235
218 274
196 282
209 289
225 294
242 288
259 282
121 144
140 134
165 138
184 160
160 164
136 159
279 161
299 140
327 136
353 146
332 162
303 165
184 324
200 327
216 324
231 329
244 324
272 326
303 325
277 350
252 359
237 361
221 358
204 348
195 329
217 334
233 337
246 334
292 328
249 336
235 337
219 335
