80 150
80 193
88 236
99 279
117 320
140 355
168 387
198 414
231 422
265 416
302 391
335 361
367 327
393 287
410 243
419 195
421 146
97 123
120 107
148 106
177 110
203 121
254 123
283 110
316 102
351 103
382 118
231 158
230 192
228 227
226 262
199 279
213 285
228 289
245 285
262 280
123 153
143 142
167 144
186 165
164 168
139 166
282 164
301 143
326 141
349 153
329 166
303 167
176 329
196 323
216 316
230 321
243 316
264 324
289 330
265 354
244 363
230 365
214 363
196 352
186 332
216 332
230 334
243 334
279 333
244 337
230 338
216 336
