-9 170
-2 222
9 274
27 321
54 362
92 394
137 418
186 434
226 438
257 427
279 398
295 363
310 326
322 287
331 248
333 208
327 169
58 104
91 82
129 72
169 78
204 95
253 96
272 85
293 80
312 83
324 95
242 146
251 176
261 206
271 236
226 272
243 274
257 275
267 272
275 266
101 155
124 140
152 141
175 160
151 165
124 165
261 159
277 141
297 141
309 157
299 165
279 165
178 340
210 318
239 305
254 310
268 305
279 315
283 335
275 353
264 366
249 370
232 370
206 361
191 338
237 328
252 328
265 328
274 334
265 335
251 339
236 339
