84 165
86 208
94 250
102 292
115 333
130 371
153 403
183 428
222 439
263 434
305 413
340 383
367 345
387 304
399 258
409 211
416 161
93 128
113 112
142 108
171 112
199 123
268 121
299 107
331 102
363 107
387 127
230 161
229 194
228 228
226 260
204 278
216 282
230 286
245 281
260 277
123 166
143 152
167 153
188 174
165 177
140 175
283 172
303 151
328 148
349 162
331 174
305 175
164 320
188 315
212 311
231 316
249 312
273 316
303 323
274 345
248 354
228 356
208 352
186 341
174 322
212 329
230 332
249 330
293 324
248 332
229 334
210 331
