108 186
109 241
119 292
136 344
158 393
188 436
221 479
254 517
297 534
351 530
406 502
459 463
502 418
531 366
549 306
559 241
562 176
111 143
131 121
164 118
198 125
232 140
294 143
336 129
383 125
429 136
469 160
263 193
259 233
255 273
250 313
227 335
243 342
261 348
283 343
306 337
149 184
169 169
199 172
221 198
195 201
166 197
334 203
357 179
389 177
417 193
392 206
360 207
216 392
229 379
247 373
265 380
283 375
322 386
363 398
328 438
293 453
272 453
251 447
233 426
227 395
249 390
267 395
286 394
350 400
289 421
269 420
250 414
