106 155
107 197
114 239
131 280
154 317
177 352
198 386
219 419
250 434
293 435
339 414
383 382
423 343
453 297
468 243
475 185
476 127
94 104
108 89
131 88
157 98
181 112
240 109
276 95
317 90
358 97
393 115
212 159
208 198
203 236
198 274
180 283
194 294
213 300
233 295
255 291
126 145
140 136
162 139
182 159
160 161
138 158
276 164
296 145
324 145
350 158
326 168
299 169
182 319
193 319
206 320
223 328
241 324
274 330
311 334
277 359
245 369
225 368
206 361
194 342
192 325
207 337
224 342
242 343
300 336
242 343
224 342
206 335
