63 127
69 174
78 221
87 267
104 311
129 350
158 387
191 419
227 431
265 423
302 394
337 360
366 321
387 277
399 230
409 180
415 130
88 115
111 100
142 97
172 102
202 114
266 115
295 102
325 97
357 100
381 116
231 159
230 193
229 227
228 262
198 276
213 283
229 289
245 283
262 277
121 152
140 142
165 144
184 165
161 167
137 164
281 165
299 146
324 143
345 153
328 166
303 168
172 327
192 316
212 311
230 316
245 312
267 318
291 329
268 356
246 368
228 370
210 366
190 353
184 328
212 326
229 329
245 328
279 331
245 341
229 343
211 340
