109 152
110 192
116 230
129 269
148 306
172 342
197 377
222 408
250 423
284 420
328 395
369 363
402 322
427 277
441 228
452 174
454 120
100 91
116 83
139 88
162 95
185 108
242 110
277 98
314 93
353 93
390 100
216 156
214 193
211 230
207 266
191 279
203 287
217 293
234 289
250 285
125 144
141 134
165 136
186 158
162 162
138 159
275 162
295 143
324 142
353 152
328 166
299 168
190 330
198 324
209 320
223 326
237 323
265 333
296 339
268 367
242 372
226 370
211 365
199 352
199 333
210 334
225 337
239 338
284 341
238 345
224 344
210 338
