44 137
50 188
60 238
72 286
92 330
120 372
153 409
191 439
233 448
274 438
308 407
338 371
365 333
384 291
397 244
407 196
414 147
81 114
107 96
140 95
173 101
203 115
268 118
298 106
329 100
361 101
385 118
235 160
235 198
235 235
235 272
197 283
216 290
235 297
253 290
271 283
117 163
140 150
165 152
185 170
162 172
137 171
282 170
303 153
327 152
349 164
329 172
305 173
156 321
184 317
213 315
232 319
251 314
278 315
306 319
280 358
253 377
232 380
211 378
182 360
165 326
212 330
232 332
251 329
296 323
252 351
232 355
212 352
