51 143
55 190
64 236
76 282
94 326
122 365
152 402
189 433
227 443
267 435
305 408
336 372
364 334
384 290
396 244
406 197
411 149
78 117
104 97
138 94
170 100
200 114
262 112
295 99
328 93
362 98
387 118
231 156
231 193
231 231
231 268
200 280
214 285
230 291
246 286
260 281
116 154
139 141
165 144
183 164
160 166
135 165
279 165
299 147
323 145
344 158
327 168
303 169
171 326
194 317
215 310
230 315
247 310
271 316
295 325
273 352
249 367
231 369
214 366
193 351
183 330
215 332
230 332
247 331
284 328
248 338
231 340
216 337
