42 117
47 169
58 220
69 267
88 309
117 348
150 385
188 417
230 428
272 419
307 388
339 353
369 316
390 272
403 224
414 174
419 121
78 121
108 109
139 110
171 117
199 132
268 127
297 114
328 109
357 111
385 122
235 168
235 207
235 247
235 285
197 285
215 294
234 302
252 295
268 287
116 159
138 147
164 151
184 172
161 174
136 172
282 173
303 150
328 147
350 159
331 171
306 174
155 311
188 317
215 317
231 322
249 319
273 320
303 315
273 343
249 357
230 359
212 356
186 342
165 316
214 331
231 334
249 332
292 320
249 333
230 335
213 331
