42 153
47 198
55 243
68 288
87 328
113 366
143 402
181 431
221 440
260 431
296 404
326 371
350 332
369 290
383 246
395 201
403 155
74 123
100 104
133 98
167 99
200 110
261 107
294 98
326 96
358 102
380 121
233 155
234 188
235 221
236 253
205 275
219 279
234 283
249 278
263 272
113 160
135 148
160 149
181 166
158 171
133 171
280 163
299 146
323 145
344 156
326 167
302 168
177 331
200 317
220 310
235 314
250 311
268 318
287 332
267 352
249 362
232 363
215 360
197 351
188 332
218 330
234 331
250 330
276 332
249 333
233 334
217 332
