53 128
57 173
63 219
71 266
89 309
118 347
154 382
192 412
230 424
269 419
306 389
337 353
362 314
381 272
394 227
406 180
413 131
77 118
104 102
138 102
171 110
203 124
263 120
295 103
330 94
368 94
396 115
232 165
233 203
233 241
233 279
199 285
215 292
233 299
250 294
267 288
114 159
135 147
161 150
182 172
157 175
131 172
281 172
301 149
329 144
352 157
333 171
306 174
163 316
190 320
213 319
231 325
245 320
269 323
299 318
271 348
247 360
231 361
212 356
189 341
175 323
213 332
231 336
246 334
287 326
246 334
231 336
213 332
