107 160
106 200
116 240
131 279
150 315
171 353
192 388
217 417
250 428
288 420
329 394
366 362
398 327
423 287
436 241
441 193
441 146
105 102
121 90
143 90
165 95
185 107
247 102
279 89
314 83
350 87
381 102
218 155
215 190
212 224
210 259
192 278
205 284
220 288
237 283
254 278
130 148
145 138
168 141
185 161
165 164
143 162
273 162
294 143
319 141
343 152
324 165
297 167
185 330
199 323
215 318
227 323
242 319
267 326
296 333
270 354
247 363
230 365
216 361
200 350
194 333
216 335
228 337
244 336
284 335
243 337
228 338
215 335
