3 140
6 191
14 242
29 288
55 329
92 363
133 391
175 413
214 418
243 409
267 382
291 350
312 314
326 275
339 234
345 195
345 156
75 116
108 101
145 98
181 106
216 119
271 113
294 99
317 89
341 85
355 100
246 157
250 190
255 223
259 257
216 275
232 280
247 286
260 281
269 273
114 157
137 146
162 147
183 164
159 170
134 169
271 160
290 140
313 138
328 148
316 161
294 163
166 329
200 322
227 314
240 319
254 314
266 319
276 326
263 345
252 355
237 359
221 358
195 349
178 330
226 329
239 330
253 327
267 329
252 330
238 333
225 333
