49 145
50 192
58 237
69 281
90 321
118 357
151 388
187 416
224 422
258 413
291 385
321 352
347 314
366 275
379 233
388 191
393 146
73 126
101 110
138 110
173 118
206 132
266 124
296 110
327 101
360 100
381 118
237 160
239 197
240 235
242 272
206 284
222 290
238 296
252 290
265 283
112 159
135 148
161 150
182 167
158 170
133 169
280 165
301 146
325 145
344 156
327 167
304 168
164 323
194 324
219 320
235 325
251 319
270 322
292 320
270 345
250 357
233 359
215 359
192 350
175 327
218 333
234 335
250 333
282 325
250 333
233 335
217 334
