72 140
78 186
89 228
102 269
120 308
144 343
170 378
200 410
234 419
270 413
308 387
342 354
370 314
391 272
403 227
414 180
418 130
82 116
104 100
135 100
165 107
195 118
256 115
290 103
325 95
361 99
388 117
227 157
227 193
226 229
225 264
200 277
213 284
228 290
244 284
260 279
119 153
137 142
162 143
183 163
160 167
135 165
280 164
300 146
325 143
347 156
328 168
302 169
175 325
195 319
214 314
231 320
246 316
268 323
294 329
269 357
246 365
229 366
211 362
193 350
186 328
214 329
230 332
246 332
283 331
245 337
229 337
212 334
