-11 134
-8 187
1 240
18 289
48 334
87 371
131 401
179 426
221 430
252 417
275 384
296 350
315 313
332 274
345 233
349 193
347 152
63 115
96 95
138 89
178 95
218 107
275 105
298 91
322 84
344 87
353 107
248 152
254 187
261 220
268 254
219 277
237 281
253 285
266 282
277 275
107 155
132 142
159 144
181 162
157 167
130 166
270 159
289 139
312 138
328 149
315 160
294 162
169 337
204 326
233 317
248 322
263 316
277 322
282 331
273 350
259 363
243 366
226 366
200 359
182 338
231 335
246 336
261 334
274 333
261 334
246 338
230 338
