-17 150
-14 206
-8 262
4 315
36 358
82 392
130 420
181 441
224 443
256 430
277 396
295 360
313 322
331 283
346 245
351 205
348 166
65 112
98 94
138 88
178 93
215 108
271 110
292 99
315 96
336 97
350 111
244 154
250 187
256 219
263 252
213 277
231 282
249 286
263 282
275 274
110 154
135 141
162 144
182 163
158 167
132 166
270 164
288 144
312 143
327 155
314 166
291 167
167 336
202 324
231 316
247 321
261 315
273 321
280 333
270 353
260 365
243 369
225 368
197 359
179 337
228 337
245 338
259 335
271 334
260 337
245 340
229 340
