13 171
15 220
20 272
31 320
56 360
93 388
137 411
179 429
220 431
248 420
270 391
291 357
312 321
326 280
338 240
343 201
342 163
76 114
109 97
147 92
184 98
219 111
269 109
291 94
314 86
338 86
350 103
247 150
253 183
260 217
267 251
218 274
236 278
253 284
267 279
278 271
109 157
133 143
161 143
182 162
159 168
131 168
268 159
288 139
312 137
326 149
314 161
291 162
166 338
203 326
234 314
247 318
258 313
270 322
279 333
265 350
253 360
240 362
226 362
198 356
179 338
232 332
245 332
257 331
269 334
255 333
242 334
229 335
