82 155
84 199
96 240
113 280
135 317
157 352
180 383
208 411
243 421
282 416
322 393
355 361
383 323
402 282
414 237
420 188
420 138
83 114
101 95
128 91
156 96
183 109
262 107
292 93
325 88
358 93
386 109
222 156
222 197
221 239
219 280
193 287
207 296
224 303
243 296
261 288
115 151
134 139
160 141
183 162
157 166
131 164
280 163
303 143
330 140
354 152
333 166
304 167
180 322
194 324
210 324
226 329
240 324
265 327
296 324
268 348
244 357
228 358
211 354
195 342
189 327
211 335
226 338
241 337
285 328
242 337
227 337
211 333
