91 159
93 200
98 240
109 282
127 321
152 357
179 391
207 422
241 434
281 429
323 404
362 373
395 336
416 294
428 248
436 199
438 152
94 122
111 100
139 94
168 99
195 112
249 109
281 96
318 93
354 101
383 121
222 158
219 189
215 221
211 253
194 275
206 280
220 283
237 281
254 278
126 156
142 143
167 144
188 167
165 172
139 169
281 166
300 145
327 143
352 158
330 170
302 171
183 331
195 326
209 321
223 327
237 322
264 328
297 332
267 356
241 365
226 366
210 363
197 352
192 333
210 337
224 340
239 338
286 334
239 340
225 341
210 338
