71 152
72 198
79 245
90 289
108 331
135 367
165 402
197 432
234 443
272 437
308 412
341 380
371 344
394 303
405 256
411 207
414 159
86 118
105 95
136 92
167 98
195 112
257 114
292 101
328 97
363 102
389 123
227 158
227 193
226 227
226 261
194 279
210 285
227 291
245 285
261 279
116 158
138 146
164 150
185 169
162 172
135 170
278 172
300 153
326 151
347 164
329 174
303 176
166 323
193 319
216 316
231 320
249 317
274 321
302 322
275 357
249 373
229 375
213 373
191 359
176 329
215 329
230 330
249 329
292 326
249 347
230 349
214 347
