110 196
112 246
123 296
141 344
160 390
186 431
219 468
254 497
295 511
343 505
389 479
431 442
465 399
490 348
504 292
514 233
516 173
111 138
126 109
159 98
194 101
228 114
299 112
341 95
387 89
433 101
467 130
265 178
264 224
262 268
260 311
232 332
249 340
268 346
290 341
311 334
144 184
166 164
197 164
225 192
196 198
164 196
330 189
359 160
393 158
422 178
397 193
361 194
226 397
240 383
257 374
272 380
286 376
314 389
345 406
316 436
290 450
273 451
255 446
241 428
238 398
258 393
273 397
287 397
332 406
288 413
272 413
256 409
