55 150
64 195
77 236
91 276
107 314
131 348
158 379
192 401
233 408
273 399
303 372
325 338
349 305
368 271
383 232
393 194
398 152
72 124
96 100
134 91
175 94
212 106
258 107
293 94
330 89
364 94
386 116
234 148
235 184
236 220
238 257
200 274
218 280
236 284
253 280
270 274
111 157
133 144
161 143
183 160
160 167
131 168
282 158
302 140
330 140
351 152
333 165
305 166
180 328
203 321
222 314
235 319
249 314
265 321
282 330
264 341
249 348
233 349
218 347
201 340
190 329
221 328
235 330
249 328
271 330
248 326
233 328
220 326
