28 352
34 403
46 451
60 499
80 544
105 587
136 627
173 654
219 661
267 656
307 632
343 598
373 557
392 508
405 457
415 405
418 351
42 311
68 293
102 291
136 297
169 310
252 310
286 294
323 286
360 289
390 308
211 366
210 407
210 448
209 487
180 506
195 511
212 517
229 511
245 504
82 363
104 350
134 352
158 376
130 381
101 379
270 374
293 351
323 348
349 361
327 376
297 378
153 564
173 552
194 543
211 549
227 542
251 551
278 562
256 588
232 599
215 601
195 599
174 586
164 566
194 567
212 568
228 567
267 566
230 570
214 571
196 569
