45 324
49 376
59 427
75 476
98 521
127 563
158 602
191 637
227 650
266 645
307 616
343 577
378 532
403 482
419 425
427 368
430 311
51 293
76 276
110 275
144 283
176 297
254 299
289 283
327 274
366 277
398 293
214 346
215 385
215 425
214 465
184 483
200 490
217 496
235 490
252 484
89 333
112 320
143 323
165 349
137 352
107 349
274 350
297 324
328 321
354 335
333 351
302 353
166 548
184 532
203 523
220 531
238 523
265 534
290 549
266 577
241 589
222 591
203 587
184 572
179 549
203 544
220 547
239 545
278 550
240 556
221 557
203 554
