37 313
41 364
49 415
63 465
84 511
111 551
140 589
175 621
217 632
262 624
304 589
342 546
376 500
397 448
408 395
418 341
423 285
46 269
72 259
101 263
130 270
159 282
240 282
275 269
312 261
351 258
385 270
200 329
201 373
202 418
204 461
172 469
188 477
208 483
227 474
245 466
78 324
100 315
126 317
149 337
123 339
97 337
263 336
286 316
314 313
339 323
317 335
288 338
138 505
166 510
192 509
212 513
233 506
262 504
294 497
265 538
235 556
213 559
191 557
165 542
150 513
192 524
212 526
233 521
281 504
234 529
212 533
191 531
