-6 100
-3 146
6 189
18 232
34 271
58 307
85 339
117 364
151 370
184 361
212 334
235 304
256 272
272 237
284 199
293 160
297 120
16 74
38 58
68 54
98 59
126 72
203 72
228 62
254 60
278 65
291 82
163 123
163 159
162 194
162 229
127 241
143 249
158 254
173 249
186 243
51 118
72 105
99 108
117 129
97 134
69 132
196 131
218 111
243 110
260 123
246 137
219 138
102 285
126 284
143 282
156 286
172 282
186 284
203 285
186 308
172 318
156 321
140 319
123 308
112 287
142 296
156 298
171 296
193 288
171 294
156 297
142 295
