-12 271
-5 317
11 363
33 407
61 447
93 484
124 515
158 540
194 546
230 533
265 501
296 460
323 417
343 369
355 314
357 259
350 205
-13 211
3 192
29 188
58 191
85 201
160 184
193 161
228 146
268 141
304 153
130 242
134 285
137 329
141 372
115 387
132 395
151 400
171 388
190 376
20 254
36 238
65 237
89 255
66 264
37 267
193 236
212 208
242 202
268 211
251 230
222 237
107 442
127 438
145 432
161 435
180 425
207 424
240 421
217 454
193 474
172 480
155 480
133 467
117 445
148 448
164 448
184 442
229 426
187 444
167 451
150 449
