148 427
154 475
165 522
176 566
194 610
218 648
250 682
291 707
339 713
387 704
429 678
463 641
487 597
502 549
511 501
517 451
518 399
164 383
185 357
219 347
253 349
286 360
344 353
376 334
414 326
452 332
480 356
317 403
319 436
320 470
321 504
291 534
307 537
324 540
341 536
359 531
204 424
223 410
247 407
270 423
248 429
223 430
373 414
394 396
420 393
442 404
423 414
397 416
270 604
285 581
306 569
326 574
344 568
370 577
394 597
374 623
349 634
329 636
308 635
287 625
280 602
307 592
327 593
346 591
383 597
347 602
327 605
308 603
