33 232
30 281
33 330
45 378
65 423
90 462
124 494
163 517
207 528
253 524
295 506
333 478
364 443
387 400
400 351
407 300
407 249
62 154
84 132
115 122
147 124
177 136
259 139
288 130
320 132
351 143
374 164
218 196
218 228
217 259
217 292
179 331
197 335
214 339
232 337
250 334
91 206
113 193
138 193
159 211
136 214
111 214
274 215
298 198
323 199
346 214
323 220
298 219
143 404
170 384
196 372
213 377
231 372
258 387
284 409
258 429
231 437
212 438
193 436
168 426
155 404
196 396
213 398
231 397
273 408
231 406
213 407
195 405
