17 307
17 350
24 393
34 435
50 474
71 512
98 547
131 577
169 588
210 581
250 555
283 521
311 482
329 439
341 394
352 347
356 301
38 255
59 239
87 235
117 239
142 253
192 254
221 242
253 241
284 246
309 261
164 299
163 327
163 356
162 385
137 418
150 423
163 424
177 423
190 419
60 300
77 284
103 287
122 308
100 314
75 313
214 311
232 290
259 290
279 307
260 317
235 318
113 484
133 468
151 459
163 464
178 460
202 470
224 483
203 507
181 517
165 518
151 515
134 504
124 484
150 476
163 478
178 477
215 483
179 491
165 492
152 489
