45 268
45 314
51 359
61 402
84 440
118 472
156 500
199 525
246 530
291 519
329 489
363 456
394 422
412 383
420 341
424 296
423 248
62 226
84 202
117 191
153 195
184 207
254 200
288 186
326 180
363 187
391 208
228 243
230 276
232 309
234 342
198 367
217 371
234 375
251 371
268 366
101 255
122 241
148 241
173 257
150 259
123 260
284 253
308 234
333 233
358 243
337 251
310 253
149 412
183 409
214 402
232 406
252 402
282 408
318 408
282 432
253 443
233 445
213 444
183 436
162 415
214 421
233 423
253 420
305 411
252 419
232 421
213 420
