36 284
36 335
44 385
54 435
75 481
108 522
145 558
187 588
236 594
286 582
332 554
372 520
405 480
423 434
432 386
436 335
434 284
50 251
73 224
111 215
149 221
182 236
252 237
290 220
331 215
372 222
402 247
218 278
218 317
218 357
219 396
176 416
198 422
221 429
245 421
268 415
90 277
113 263
141 266
165 288
139 289
111 286
278 288
304 266
332 264
356 278
335 288
306 290
134 455
169 454
201 451
223 457
248 450
282 453
319 454
284 484
250 500
224 503
199 501
168 489
147 460
200 471
224 473
248 469
306 458
249 471
223 474
200 472
