6 289
5 331
12 374
25 416
43 454
68 485
95 513
128 535
168 541
207 534
237 508
263 477
287 445
306 408
320 366
326 324
324 282
33 221
53 207
78 202
104 204
127 217
198 212
223 201
252 200
279 206
300 223
165 253
166 281
165 309
165 336
129 363
147 368
165 372
182 368
198 363
61 255
80 242
102 243
119 260
100 263
78 263
214 261
231 243
254 243
272 257
256 265
233 265
99 426
122 409
147 401
162 405
180 402
204 411
227 424
203 444
180 455
161 457
143 456
121 446
109 427
146 419
162 420
180 419
214 424
179 430
161 433
145 432
