129 397
131 444
140 491
151 536
166 580
186 623
216 659
255 683
299 694
343 688
383 669
415 636
439 596
457 554
472 511
480 466
483 420
165 343
187 319
219 309
253 310
284 321
349 326
378 316
411 319
440 332
457 357
315 375
315 404
315 434
315 465
278 496
294 502
312 507
329 505
345 500
198 382
219 366
245 368
266 389
243 391
217 390
360 393
383 374
407 376
426 394
407 399
383 398
236 559
261 540
293 531
311 536
329 534
358 547
379 570
356 611
327 626
307 627
286 622
257 603
243 561
292 548
310 551
328 551
371 570
328 598
308 599
289 595
