42 293
44 337
48 380
52 422
68 462
92 493
125 519
162 541
203 550
244 545
280 524
314 498
340 466
355 429
361 385
367 341
368 297
60 255
82 231
114 222
147 225
176 239
218 240
252 228
288 226
322 235
341 263
202 286
205 319
207 351
209 383
173 404
189 409
205 414
224 410
242 404
97 293
116 283
137 284
159 300
137 302
115 301
248 300
269 285
290 284
310 294
292 301
269 302
134 440
164 440
189 436
206 441
222 437
244 441
275 442
244 465
221 473
204 474
185 472
162 463
144 442
189 452
206 455
222 453
265 444
221 454
205 455
187 454
