55 377
58 423
65 467
73 511
90 552
117 586
152 616
192 639
235 646
276 638
313 613
345 582
372 550
390 512
399 470
405 429
408 386
84 337
108 317
139 313
170 318
198 331
279 329
307 318
335 313
362 318
382 336
237 372
237 405
236 439
236 473
201 490
218 496
235 500
253 496
269 491
122 374
143 366
164 369
183 381
163 382
141 380
287 382
306 369
326 368
345 377
328 381
308 382
162 534
192 525
218 520
236 524
257 520
280 525
306 534
280 549
257 558
235 561
215 560
189 552
172 534
217 536
236 538
257 535
297 534
256 538
236 540
216 539
