40 377
44 430
54 478
64 525
80 567
105 604
140 637
181 662
225 669
268 663
306 639
341 608
369 571
387 530
400 483
412 435
418 383
69 334
97 312
133 305
170 310
201 325
269 322
302 306
337 302
372 310
396 332
237 371
237 407
236 444
235 481
199 509
216 513
232 517
250 513
265 509
109 379
131 369
157 370
179 385
156 389
130 389
289 383
313 366
337 365
358 376
338 386
313 387
157 564
187 557
212 549
228 554
245 549
268 558
294 568
268 586
247 594
229 596
211 594
186 585
169 566
212 568
228 569
245 567
282 569
246 567
229 569
212 568
