82 364
89 416
100 464
109 511
124 554
148 592
180 625
219 651
264 659
307 651
346 624
379 593
406 556
419 512
425 466
435 420
439 372
114 350
140 334
171 331
202 336
233 346
297 342
325 330
356 326
386 330
410 348
264 388
265 418
266 447
267 477
233 503
248 508
265 511
280 507
295 502
149 387
169 375
195 377
215 398
193 403
166 401
309 398
330 377
355 375
375 389
358 402
332 403
201 565
227 553
249 544
262 548
277 544
298 553
320 565
298 582
278 590
262 592
246 591
225 583
212 565
248 563
262 564
278 563
310 565
278 566
262 567
248 566
