105 514
104 569
110 621
116 673
130 722
158 766
195 803
235 835
281 848
330 846
373 821
412 790
445 754
468 712
483 665
499 616
511 563
139 487
172 468
213 467
252 476
286 496
353 505
388 492
427 491
464 501
488 528
314 553
310 590
306 626
302 663
260 682
277 690
297 698
317 695
337 692
176 536
203 527
232 532
253 556
225 559
196 554
367 573
392 553
421 555
444 571
422 585
392 583
228 739
254 726
279 721
296 729
315 724
340 736
362 752
338 775
313 785
292 786
273 780
250 765
241 741
277 743
295 748
314 747
350 750
314 751
295 753
277 748
