103 424
105 476
110 527
118 575
139 618
172 655
209 688
249 719
294 728
337 721
374 691
410 660
443 627
468 588
482 544
490 498
494 449
140 387
171 367
209 362
246 368
278 385
352 390
384 376
418 372
453 379
478 401
313 440
312 479
311 516
310 555
268 575
287 580
307 586
327 581
346 577
180 433
205 420
233 425
255 450
229 451
200 447
365 455
388 431
415 428
438 444
418 456
390 458
224 617
260 619
290 616
306 620
322 616
346 619
373 617
345 645
322 656
304 658
287 657
258 646
236 621
289 631
305 634
322 631
361 622
322 632
305 634
288 632
