82 503
85 556
92 608
100 661
119 711
153 753
195 783
243 808
292 818
341 808
387 780
428 746
458 704
475 654
482 601
486 547
487 493
120 450
144 421
182 410
222 414
257 430
328 428
359 410
397 405
433 417
457 445
290 478
290 520
290 561
290 602
245 619
267 627
292 636
317 628
340 619
161 487
185 475
210 476
236 491
210 492
184 492
346 490
370 473
394 472
418 483
395 489
370 490
201 677
234 664
266 658
291 664
316 659
350 663
380 674
351 715
319 734
291 739
264 736
232 720
211 680
266 673
291 676
316 673
369 677
317 709
291 712
265 710
