44 281
45 327
51 369
59 413
77 452
105 485
138 511
176 533
217 539
257 531
294 506
327 478
355 447
372 411
381 370
387 327
388 282
64 254
88 237
118 231
149 233
179 243
241 241
270 231
301 229
332 234
358 250
212 280
212 308
212 337
212 366
183 392
198 396
212 400
227 396
241 392
96 286
117 274
141 275
163 291
140 296
116 296
263 290
284 272
309 271
331 282
311 292
286 293
146 440
173 434
196 426
211 430
227 427
250 436
279 442
250 462
227 468
210 469
193 468
172 460
157 442
196 444
211 446
227 444
267 443
227 444
210 445
194 444
