29 258
30 308
39 355
50 398
70 438
98 475
133 506
171 529
213 536
255 529
294 505
329 475
356 438
375 397
390 352
403 304
410 256
61 208
89 193
121 190
153 194
182 206
246 207
278 194
313 190
347 194
375 212
216 253
215 287
215 321
214 355
181 380
197 384
212 388
228 385
243 381
93 252
115 239
139 242
160 262
136 265
111 263
267 265
288 245
314 244
337 256
315 267
290 269
144 434
170 423
194 413
208 418
223 413
248 424
276 434
249 457
226 468
210 470
193 469
171 458
154 435
193 430
209 432
224 430
265 435
225 441
210 443
194 442
