121 202
119 253
129 305
142 356
158 405
180 452
206 494
240 528
286 541
338 536
392 517
441 484
482 444
511 393
527 335
538 273
543 211
134 138
154 117
183 109
216 111
247 122
309 125
348 114
390 111
431 120
465 144
273 181
268 216
263 251
257 287
234 322
248 329
264 335
285 330
307 327
161 188
179 175
204 177
228 194
202 198
177 197
341 195
362 177
390 178
418 191
391 199
364 199
220 405
231 377
250 363
267 369
285 365
317 381
351 409
320 436
289 444
270 444
250 440
233 427
230 404
251 391
268 393
286 393
340 409
287 412
269 412
252 408
