83 171
81 211
85 252
94 292
110 329
135 363
164 394
196 425
234 436
275 427
315 401
353 370
387 336
408 297
415 253
417 206
417 161
95 132
114 116
141 114
169 120
193 131
254 128
282 115
315 109
348 112
372 129
225 166
224 204
224 241
224 279
191 285
208 294
226 301
246 294
266 287
120 167
139 154
163 157
182 176
161 177
137 176
277 174
297 154
322 152
342 163
324 173
300 175
158 309
186 310
211 311
231 317
254 313
285 314
319 312
287 353
254 369
229 370
208 367
182 350
168 315
210 321
231 325
254 323
310 316
254 348
230 349
208 345
