66 149
71 195
79 237
91 280
111 318
138 351
166 381
197 410
234 420
272 416
307 389
341 356
372 318
396 275
408 229
418 178
424 126
80 125
99 103
131 99
163 103
195 116
257 122
290 111
327 106
363 110
392 128
225 164
225 201
224 239
224 274
192 285
209 291
227 297
247 292
268 287
112 158
134 151
157 153
180 171
154 171
130 168
281 172
304 157
329 156
352 165
330 173
304 174
162 307
189 316
214 318
234 323
251 320
278 320
312 311
278 342
250 354
231 355
210 351
187 337
170 314
212 330
233 334
250 332
302 316
250 334
232 336
211 332
