92 179
89 218
94 256
107 293
125 327
151 358
178 388
207 419
242 429
283 425
324 403
359 376
390 343
412 306
421 263
425 219
425 173
93 129
110 108
138 102
167 105
193 118
247 123
282 109
320 105
358 114
387 137
221 163
220 198
218 234
217 269
189 284
205 290
223 295
243 290
262 285
122 167
139 153
161 154
182 175
160 175
137 174
279 176
301 157
324 155
347 169
326 176
302 176
164 315
187 316
209 314
228 319
246 314
279 316
318 315
283 342
252 354
232 355
212 351
190 338
176 320
209 327
228 330
248 328
307 318
250 330
231 331
211 327
