37 172
43 220
52 265
64 309
84 350
111 387
146 416
189 436
232 442
274 435
309 412
337 382
359 346
373 307
382 265
386 220
389 175
77 122
101 98
135 86
172 88
205 102
263 102
292 90
323 91
351 102
367 127
235 152
236 179
237 206
238 234
206 267
221 271
235 273
249 271
262 268
118 160
139 148
164 149
184 165
163 169
138 169
276 168
295 152
318 152
336 164
319 172
297 173
178 336
196 314
218 304
234 309
251 305
271 317
287 339
272 354
253 360
235 362
217 360
196 352
189 335
218 328
234 329
251 329
277 337
252 333
235 334
218 332
