69 171
68 227
76 283
88 337
107 389
138 436
182 475
230 505
280 513
331 503
375 473
414 437
442 393
459 343
470 293
481 244
484 193
116 144
150 133
188 135
223 143
257 156
330 165
361 155
394 148
427 144
456 155
282 194
279 235
276 276
273 318
235 337
253 344
273 350
293 344
313 336
148 183
172 170
201 173
227 196
198 200
168 198
334 197
358 174
388 173
414 185
390 199
360 201
203 400
230 390
254 383
274 388
292 382
319 387
351 393
324 422
299 432
279 435
257 433
231 424
216 402
254 401
275 401
293 398
339 397
296 399
278 402
257 401
