79 160
82 204
90 245
102 285
122 320
149 349
178 375
206 402
239 414
277 413
314 393
347 366
379 335
404 296
416 251
424 202
427 150
85 122
103 107
129 105
156 112
182 123
259 127
291 114
326 109
360 114
391 130
221 167
221 206
220 244
219 283
193 288
208 296
225 302
244 296
262 291
116 154
135 144
159 147
179 170
155 171
131 168
282 173
302 153
328 150
352 162
331 174
304 175
171 313
193 323
212 324
229 329
244 326
270 326
307 317
272 344
246 353
229 354
211 350
193 338
180 318
212 333
229 338
245 336
298 320
245 336
229 337
211 333
