114 164
111 204
116 245
128 287
143 327
163 365
186 399
213 427
249 440
294 435
343 415
386 386
422 350
443 307
455 257
462 205
463 154
110 106
122 89
143 86
167 90
190 100
249 99
284 87
321 83
357 91
389 110
220 154
214 183
208 211
202 240
194 271
203 276
215 279
229 276
245 273
132 152
147 138
171 140
191 164
167 167
143 164
282 163
301 141
328 140
352 154
331 166
304 166
191 338
195 323
208 313
219 317
232 313
258 323
290 340
263 358
241 366
226 367
213 365
201 357
198 339
209 336
221 336
234 335
279 339
237 341
224 342
211 340
