55 152
58 198
65 243
72 289
87 330
114 365
149 397
191 423
236 430
282 423
326 397
362 366
389 330
405 290
413 245
420 200
424 153
82 129
107 112
137 107
168 111
198 121
270 120
299 107
331 104
361 110
386 129
231 161
230 196
229 230
228 264
199 282
213 288
229 294
245 289
262 283
119 164
138 149
163 152
183 174
160 175
136 173
283 174
303 152
328 150
349 165
330 174
305 176
161 321
191 319
214 316
231 321
246 316
270 319
299 323
270 346
247 354
230 355
212 353
189 345
172 325
213 333
230 335
246 334
287 326
246 332
230 334
213 331
