0 154
4 206
12 259
26 308
50 352
89 387
138 412
187 432
229 435
264 422
291 391
316 355
334 318
347 278
359 239
366 199
363 159
69 116
99 97
137 88
175 91
210 103
270 104
294 94
320 91
344 94
359 112
240 154
244 186
249 218
255 251
211 277
229 280
246 284
261 280
274 273
113 157
136 142
162 143
182 163
159 168
133 167
272 163
290 142
315 142
332 154
318 166
294 168
169 336
202 323
230 313
246 316
260 312
277 319
289 330
276 352
260 364
244 367
227 368
199 360
181 336
230 329
246 329
260 328
278 332
259 336
244 340
228 340
