93 203
95 257
102 309
112 358
125 407
144 450
177 482
221 500
273 505
326 500
374 478
412 446
440 405
457 359
467 308
477 258
484 204
108 150
131 125
167 118
204 124
239 138
319 138
353 124
391 119
428 127
456 152
277 185
276 220
275 255
274 290
241 321
257 326
275 330
295 325
314 319
145 194
168 180
197 180
224 200
195 205
166 205
338 200
363 181
392 181
416 196
394 206
363 205
210 401
232 375
258 362
279 368
298 361
324 374
346 397
323 418
298 428
276 429
254 428
230 422
223 398
257 391
278 392
298 390
333 395
297 392
277 394
256 393
