53 151
51 196
57 241
64 285
82 326
113 361
149 392
187 422
230 430
273 421
307 389
336 355
363 320
382 281
390 241
394 198
391 156
84 132
110 117
143 116
175 125
204 138
261 138
288 126
319 117
350 117
376 132
233 167
235 206
236 244
238 282
195 290
215 298
236 304
256 296
273 288
118 161
138 152
162 154
182 172
160 172
136 170
281 172
300 153
323 150
343 160
325 168
302 171
152 315
185 319
215 318
236 322
256 316
282 314
312 310
286 349
261 366
237 369
216 368
184 352
161 319
215 330
236 332
258 327
302 315
259 344
237 348
215 346
