68 122
68 154
72 185
81 217
93 248
110 275
130 300
151 324
179 334
213 331
249 316
282 294
309 266
326 235
338 198
347 157
351 117
72 85
84 71
103 71
121 78
137 90
189 87
214 75
241 70
268 73
293 87
164 120
162 147
160 173
157 200
141 214
151 219
162 224
176 220
190 216
89 117
103 107
122 109
138 128
120 128
101 127
207 129
224 113
243 112
260 122
245 131
225 132
128 236
144 237
156 236
167 241
179 239
204 243
236 242
206 264
181 272
167 272
155 268
143 257
136 242
156 248
167 250
179 250
227 245
180 252
167 251
156 248
