49 162
51 209
56 254
65 297
85 335
116 371
150 405
188 434
230 442
272 431
305 399
334 365
362 328
380 292
384 249
388 208
389 167
78 140
107 124
140 120
175 124
204 135
260 133
291 121
322 116
352 118
375 133
234 167
235 205
236 242
237 280
194 285
215 293
236 301
256 292
274 284
115 168
135 158
158 159
180 173
159 172
136 173
281 171
301 157
323 156
342 165
324 170
303 170
142 310
176 308
210 310
234 315
258 310
287 308
317 307
288 343
259 362
234 366
209 363
174 345
152 313
210 321
234 324
258 320
306 311
258 343
234 347
209 345
