12 164
18 213
30 261
47 308
75 348
115 382
158 408
202 429
243 430
276 415
299 380
320 346
341 313
358 280
368 244
367 208
360 170
71 120
101 102
138 95
174 98
208 112
270 113
291 102
315 98
338 96
357 107
242 162
246 200
252 237
258 274
207 290
228 295
249 300
266 293
281 285
111 165
135 150
162 151
184 172
160 175
133 174
276 169
295 147
319 145
337 157
322 168
299 170
153 321
191 321
226 319
246 321
264 316
283 315
302 313
284 339
266 356
247 362
225 362
190 350
164 325
225 335
246 335
264 331
290 320
265 331
246 336
226 336
