50 150
57 200
67 248
79 295
98 338
127 374
160 406
198 430
241 435
283 426
323 401
359 371
390 335
408 293
414 245
417 198
419 149
78 126
99 104
130 99
162 102
192 115
269 116
299 102
331 97
364 100
389 121
232 164
232 202
232 238
233 275
200 289
217 295
235 301
253 294
270 287
120 164
139 151
164 154
185 175
161 178
136 175
282 174
302 152
326 148
346 162
329 173
304 175
156 317
189 323
215 322
234 326
250 321
275 320
308 315
278 342
252 355
234 358
215 356
188 344
166 322
215 334
234 336
251 333
297 320
251 333
234 336
215 334
