90 166
87 210
92 254
104 296
121 336
145 372
170 402
198 431
233 444
273 438
316 412
354 381
388 344
410 299
417 251
422 202
423 154
96 118
114 102
140 99
168 104
193 116
255 118
282 107
313 103
345 108
372 124
225 161
224 196
223 231
222 267
197 284
212 289
227 294
245 288
263 283
121 159
139 146
163 147
182 169
160 171
136 169
280 170
299 150
323 147
344 159
326 170
301 172
169 322
191 320
213 317
231 321
249 317
277 318
309 319
281 356
252 368
232 370
213 367
192 353
180 327
213 327
231 330
250 328
300 323
251 347
232 348
213 345
