71 183
69 229
72 276
82 321
104 361
137 395
175 425
216 452
258 463
302 458
344 437
377 405
399 365
409 318
410 268
412 219
408 171
96 127
117 107
146 105
175 113
201 127
260 128
289 113
320 103
351 108
375 127
229 161
229 192
228 223
227 254
200 276
215 283
230 288
246 282
262 277
124 162
142 149
166 150
185 171
164 174
141 172
278 171
299 150
322 148
342 161
325 171
301 173
160 325
188 318
215 316
235 320
258 316
293 319
327 327
300 356
267 365
243 366
221 363
191 349
172 328
216 334
236 336
259 334
316 328
264 343
241 343
220 340
