77 149
81 193
91 237
101 280
113 322
136 358
167 385
204 405
245 411
287 406
331 388
369 364
399 328
418 285
427 239
433 188
433 138
93 109
114 92
142 88
170 94
198 103
247 105
277 92
311 86
345 90
376 105
223 152
224 186
224 219
224 253
198 274
212 279
227 282
244 278
260 273
122 151
141 140
166 141
187 162
163 168
137 166
273 162
294 141
319 138
342 151
323 165
296 166
185 333
202 320
218 312
231 316
244 312
266 318
293 331
270 345
248 350
234 351
219 349
203 345
196 331
218 328
232 330
246 329
282 330
247 329
233 330
219 328
