23 154
29 206
41 256
55 301
77 342
109 375
147 400
188 418
227 422
266 413
298 391
327 364
351 330
368 291
382 248
394 202
400 154
69 116
100 97
137 93
173 100
206 116
261 116
291 103
321 97
352 99
375 118
238 158
239 192
240 226
241 260
203 279
220 285
237 288
252 285
266 280
115 158
137 146
161 148
183 168
160 170
134 169
279 168
299 148
323 147
343 158
326 169
302 171
169 329
196 317
218 310
234 315
251 311
270 317
290 328
271 345
252 352
233 354
215 353
194 346
180 329
217 328
234 330
251 328
281 329
251 328
233 329
216 328
