106 169
102 209
107 251
119 293
134 333
155 370
181 402
211 426
248 433
291 427
335 408
376 385
412 354
435 316
443 269
446 219
447 168
106 117
121 100
143 96
167 100
190 110
260 109
291 96
326 91
360 96
388 115
224 158
219 190
213 221
207 251
189 275
203 281
219 285
237 279
256 275
131 163
148 151
170 151
191 168
169 171
146 170
282 166
304 149
328 148
352 160
330 167
305 167
176 331
189 316
205 308
220 313
236 309
266 317
300 330
269 347
243 355
225 356
208 355
192 347
186 331
206 328
222 331
238 329
289 330
240 329
224 330
207 328
