51 120
57 171
65 221
75 270
92 315
119 355
152 393
190 424
232 435
276 426
315 395
351 358
381 315
400 268
411 218
420 167
425 114
81 116
107 102
138 105
167 113
195 127
265 124
296 110
327 101
361 99
389 113
231 167
230 206
230 244
229 282
195 286
211 295
230 302
250 294
267 286
118 161
140 153
166 157
182 176
160 178
136 174
284 174
305 155
329 151
350 160
333 173
309 176
154 310
185 315
211 316
231 322
254 315
281 314
312 310
284 344
257 362
232 365
209 362
183 344
166 317
210 334
232 338
256 334
300 317
256 333
232 338
210 334
