109 149
108 187
114 226
128 264
144 305
163 341
183 380
205 415
237 433
279 429
327 407
374 377
416 343
445 301
461 249
469 192
473 138
107 102
123 91
147 92
171 100
194 111
245 107
283 92
322 86
361 91
394 111
219 155
214 189
208 221
203 255
186 274
199 282
214 287
231 283
250 280
133 148
150 137
173 140
192 161
169 163
147 159
283 163
303 144
328 141
352 154
331 165
305 167
178 331
191 322
206 315
217 320
230 317
259 328
292 341
261 357
234 364
219 364
206 360
192 350
188 333
206 333
219 335
231 336
279 341
232 339
219 338
206 335
