27 310
27 346
32 382
42 417
57 451
78 484
101 515
129 541
162 549
199 539
235 514
266 483
294 448
314 412
323 370
325 327
323 285
33 270
43 252
64 246
87 250
106 260
160 256
184 241
212 237
238 242
261 254
136 299
136 331
136 363
136 394
110 402
125 411
142 416
161 408
179 399
56 304
69 291
89 292
104 308
88 310
69 310
183 302
197 284
218 281
235 292
221 299
202 303
95 438
113 430
132 427
148 429
166 425
195 425
223 431
201 464
172 483
152 487
134 484
114 468
103 440
133 438
148 439
167 437
215 434
170 464
150 468
133 465
