24 313
30 366
42 416
53 465
72 510
102 549
141 582
186 610
241 616
295 603
339 572
376 536
401 495
418 452
427 404
434 355
437 303
47 277
77 261
111 260
145 267
175 280
250 276
282 261
316 253
352 253
384 269
216 306
218 345
219 385
221 425
181 439
202 447
223 453
245 445
265 437
88 309
111 296
136 298
159 316
135 318
110 317
278 314
299 295
324 293
348 305
327 313
303 315
139 480
173 483
205 482
226 485
249 480
281 478
321 472
286 509
254 527
230 531
207 529
174 515
151 486
205 497
227 498
250 494
308 479
252 501
228 505
206 504
