57 262
61 312
68 361
78 407
100 449
131 486
169 518
209 545
252 553
293 543
329 516
363 486
390 452
406 412
412 366
415 321
414 274
90 238
117 217
153 210
189 215
221 231
287 229
316 214
348 211
380 217
401 237
254 275
255 309
256 344
256 379
217 398
235 403
254 408
272 403
290 399
130 273
152 262
177 264
200 284
176 285
151 282
304 285
325 266
348 264
370 275
352 283
327 285
164 429
199 431
231 429
253 436
275 430
303 432
336 431
306 463
278 476
254 479
230 476
199 461
175 434
230 449
253 452
276 449
325 436
277 451
254 453
230 450
