69 309
70 360
75 410
84 459
102 505
129 547
167 581
209 605
254 614
296 605
330 579
357 545
378 507
395 466
410 425
420 383
425 338
120 275
148 252
185 245
222 255
255 272
312 274
341 262
371 257
399 265
414 291
281 323
281 357
281 391
280 425
241 451
258 457
276 462
292 458
306 451
157 324
179 312
205 315
223 335
201 339
176 337
323 339
343 320
366 319
384 332
369 343
344 345
208 513
233 501
257 493
272 497
287 492
305 499
320 512
304 532
287 543
271 547
254 545
231 536
218 514
256 512
272 512
287 510
310 513
287 518
271 522
256 520
