51 320
50 369
58 417
71 463
92 505
122 541
157 572
196 596
238 600
278 592
312 566
344 534
371 499
387 455
395 409
400 361
397 314
83 257
108 238
138 230
170 230
197 244
277 242
305 226
334 223
362 230
381 250
238 305
239 344
241 382
243 419
207 444
224 449
241 453
257 448
272 443
111 307
134 291
161 293
181 316
159 320
131 319
288 312
309 289
335 285
355 299
338 313
312 315
173 500
198 490
222 482
240 486
260 481
281 487
301 497
283 516
263 527
242 530
222 528
200 519
184 501
222 502
241 503
260 501
291 498
261 500
242 502
222 501
