65 260
57 303
57 347
62 389
73 430
92 469
118 503
150 530
186 543
228 540
270 522
309 497
340 467
364 433
380 394
392 352
399 308
85 223
108 211
136 212
162 220
186 232
245 240
273 234
304 236
334 244
360 261
207 282
201 316
195 349
188 384
158 396
173 404
188 411
207 408
226 404
103 264
122 255
144 261
160 283
138 283
116 277
262 298
282 281
306 282
328 295
306 304
282 304
134 438
155 434
174 431
189 438
204 435
227 442
254 451
225 465
202 471
185 472
169 468
152 458
141 441
173 448
187 452
204 451
244 451
203 451
187 452
172 449
