55 290
60 337
72 382
85 425
101 466
123 503
152 536
188 558
229 561
269 554
306 530
337 498
363 461
380 420
391 376
402 331
407 284
80 248
104 228
136 221
168 226
200 236
259 230
290 217
324 213
358 219
382 239
231 280
231 311
231 341
230 372
201 404
216 406
230 409
245 406
259 403
115 294
136 284
158 284
178 295
158 300
135 301
282 292
303 278
326 277
347 286
328 295
304 296
172 468
192 450
214 438
228 442
243 438
264 449
285 466
264 485
244 494
228 497
212 496
192 487
183 467
214 461
228 462
243 460
275 465
243 464
228 466
213 465
