93 245
94 287
100 329
108 370
122 411
144 447
169 481
199 508
237 520
281 517
324 497
363 467
394 431
417 387
430 340
438 288
442 236
104 195
120 176
147 172
174 176
200 187
249 184
281 170
317 164
353 173
381 194
222 232
220 265
216 297
213 331
190 352
203 358
218 363
236 360
255 356
129 236
147 224
169 225
188 243
167 247
144 246
277 244
297 226
322 225
344 237
324 248
299 249
172 408
185 392
203 385
220 392
238 388
267 398
297 415
269 443
241 452
221 453
202 448
185 434
181 409
203 402
221 405
239 404
287 415
239 427
221 427
202 423
