58 500
59 551
68 600
82 648
101 695
128 738
162 777
198 809
242 819
290 813
340 787
386 752
423 709
450 659
466 603
475 546
479 488
69 453
92 433
125 432
157 441
185 456
252 451
289 435
331 430
372 437
406 457
219 508
216 546
214 584
212 623
189 647
203 654
218 659
236 655
254 651
105 504
126 492
154 494
175 515
151 522
123 520
283 517
307 497
335 496
360 509
339 523
310 524
170 709
190 695
208 686
222 692
239 688
267 699
299 712
269 734
242 743
223 743
207 740
190 729
182 710
208 709
222 712
240 711
286 713
240 710
222 711
208 708
