42 343
43 392
49 439
55 486
70 531
92 568
123 596
159 616
197 625
236 623
273 608
309 586
340 557
365 521
384 480
400 437
410 391
78 303
109 284
145 282
182 288
215 305
280 313
312 304
345 303
377 311
398 334
241 361
236 396
231 430
226 465
190 485
207 489
224 494
243 492
263 490
112 354
138 345
166 347
187 367
162 370
134 367
293 376
317 360
343 361
363 374
343 383
316 383
156 535
185 528
211 521
225 526
240 523
262 532
285 544
258 559
236 566
220 567
204 565
181 554
169 536
209 536
224 539
238 537
274 543
238 544
223 545
208 542
