-9 272
-5 327
1 378
15 425
36 465
70 497
109 522
154 539
196 538
233 526
261 496
287 466
310 434
330 398
343 361
352 323
357 280
47 241
78 225
114 219
149 224
181 238
255 239
281 224
308 216
336 217
353 236
217 288
218 327
220 367
221 406
173 416
193 422
214 428
233 420
249 409
82 286
106 273
133 275
156 295
130 299
103 298
256 290
276 269
301 266
320 275
304 289
279 293
127 454
161 456
190 453
208 456
224 449
240 446
260 439
242 463
226 478
210 485
190 486
160 477
137 456
189 464
208 464
224 459
251 445
226 457
210 464
191 465
