87 428
87 480
93 532
105 582
128 625
158 662
194 693
234 716
277 720
319 711
355 684
386 649
412 608
431 561
443 512
450 462
452 412
123 373
148 356
178 351
209 356
237 371
314 371
341 357
370 351
398 356
420 371
277 418
277 452
277 486
277 520
240 546
257 551
275 555
293 552
307 548
156 417
177 404
201 406
221 424
200 429
175 428
324 425
345 406
371 406
391 418
373 428
348 429
203 606
230 595
256 587
271 592
288 587
310 595
333 605
310 626
289 636
271 639
253 637
229 629
213 607
255 607
271 608
288 606
322 606
288 610
270 613
254 612
