-14 330
-12 372
-5 416
9 458
34 493
68 523
102 550
139 574
179 578
217 568
247 541
273 507
299 472
317 434
328 392
331 349
328 307
16 283
40 265
71 258
103 260
131 270
196 264
222 250
249 243
279 242
305 254
167 311
170 350
173 389
176 428
138 441
157 447
176 453
195 444
211 436
48 318
68 303
95 304
115 322
94 328
67 328
214 313
233 290
258 285
279 296
264 310
239 314
107 481
134 478
160 475
175 479
193 473
215 473
238 474
218 497
196 512
177 516
160 515
134 504
117 482
160 488
176 490
194 486
229 478
194 488
175 494
159 492
