65 339
65 381
73 423
86 462
105 500
131 534
158 564
186 591
220 599
259 593
303 574
346 548
384 514
410 471
422 421
428 369
427 315
63 275
77 259
101 252
127 251
153 259
219 255
248 240
282 233
317 235
353 246
184 313
181 347
178 382
175 417
160 445
174 450
190 452
207 446
226 441
90 324
106 310
130 309
150 328
128 334
105 335
248 319
268 297
294 293
321 303
299 317
272 321
153 499
169 496
184 491
197 492
209 488
239 491
279 492
245 513
219 522
204 524
190 523
174 515
161 500
187 502
199 503
212 500
269 494
214 503
200 505
188 503
