-1 251
0 298
10 345
26 390
48 432
75 468
101 503
130 532
161 541
192 534
224 508
253 474
282 437
304 395
320 351
330 304
331 257
24 199
47 180
79 174
112 177
141 193
213 195
238 182
269 180
297 186
316 204
176 249
175 284
176 318
176 352
141 376
157 382
173 386
189 384
204 378
58 249
78 238
103 240
125 261
101 263
75 261
221 262
241 243
266 241
286 253
269 263
243 265
123 449
139 436
159 428
171 433
183 430
199 439
214 454
198 477
181 487
167 488
153 486
136 475
133 449
157 447
170 449
182 449
203 454
181 456
168 457
156 455
