24 215
24 257
30 299
40 340
55 377
76 411
99 443
128 471
164 480
203 478
240 457
269 428
294 393
313 354
325 312
333 267
336 222
42 172
61 155
88 152
116 157
141 169
188 168
218 156
251 153
283 160
307 179
165 211
164 243
162 276
160 308
136 328
149 334
162 338
177 335
191 331
67 206
85 194
108 196
125 216
105 219
82 217
213 218
232 200
255 199
272 212
258 223
234 223
114 382
130 369
149 362
162 368
177 364
199 374
219 387
198 405
178 411
161 412
146 408
129 397
124 381
148 382
161 385
177 384
210 387
177 387
161 387
148 384
