66 437
71 489
79 538
89 585
110 628
140 665
172 700
209 732
253 743
299 736
341 706
377 671
408 629
430 584
442 532
452 479
457 422
85 392
109 372
141 366
175 369
204 381
281 382
312 368
347 363
382 370
410 390
241 430
241 469
240 508
239 547
202 554
222 562
244 569
267 561
289 554
122 430
144 419
168 421
189 438
165 439
142 437
302 437
323 420
347 418
370 428
349 435
325 437
165 603
191 591
223 587
248 591
273 586
308 588
342 598
311 646
277 666
249 669
222 666
190 647
175 606
223 602
248 605
274 602
331 602
275 639
249 642
223 639
