33 385
40 440
51 493
64 546
84 596
117 640
158 676
204 706
255 711
304 698
344 664
381 626
409 583
426 535
437 486
447 435
453 381
66 352
95 331
134 324
172 331
207 347
280 348
315 334
354 326
392 332
423 353
244 398
244 438
245 477
245 517
209 536
227 543
246 548
266 542
285 533
113 399
136 385
164 387
187 407
161 412
133 410
301 407
322 386
350 385
374 397
354 408
326 411
180 597
208 585
234 575
253 580
270 572
293 580
320 592
296 615
273 629
254 632
233 631
208 621
193 599
234 597
253 598
271 595
308 594
271 597
253 600
234 599
