-23 313
-26 359
-19 409
-5 455
11 500
33 543
63 578
101 603
145 609
190 599
225 570
255 532
281 491
300 447
314 402
321 356
320 310
3 278
31 265
63 265
93 271
122 283
196 285
221 272
247 262
275 256
301 265
158 312
160 350
162 389
163 428
122 442
141 450
160 457
180 451
196 442
33 309
53 295
79 296
102 314
78 318
52 318
207 311
227 289
253 286
273 298
258 310
232 312
77 489
108 488
136 485
154 492
174 486
194 490
215 494
192 517
170 530
148 533
128 530
102 516
88 492
134 500
154 504
174 501
206 498
171 503
150 507
130 503
