28 159
32 205
39 250
47 293
64 334
89 371
120 404
156 431
196 440
235 432
268 407
297 378
320 347
337 311
349 270
357 231
359 191
65 129
92 118
123 119
153 127
181 143
260 146
284 137
309 134
333 136
351 150
216 185
214 217
212 250
211 283
174 295
191 301
207 307
223 303
238 298
96 175
117 164
141 168
160 189
138 191
113 187
261 197
282 179
305 178
324 191
306 201
282 201
130 327
160 329
185 329
204 333
223 330
244 330
268 331
245 356
224 366
205 369
184 367
158 356
140 332
185 343
204 345
223 343
259 335
224 344
205 346
185 344
