118 397
120 449
130 498
145 545
168 590
199 629
232 665
265 695
307 706
352 703
393 680
430 648
461 610
487 565
503 515
512 461
514 406
132 342
159 323
195 321
230 327
261 344
336 345
371 331
409 327
447 331
480 348
299 398
298 443
297 488
296 534
260 549
278 558
298 564
320 558
341 552
161 392
186 382
215 385
241 406
213 410
183 408
366 410
392 390
421 388
449 401
425 414
394 416
237 605
261 598
282 592
301 599
321 594
347 601
376 609
347 631
322 640
301 640
281 637
260 628
248 608
282 608
301 611
322 610
365 610
322 611
301 613
281 609
