65 339
75 391
90 438
109 481
136 518
168 550
205 576
246 593
285 594
320 577
344 545
367 510
388 472
402 434
410 392
413 350
413 306
111 324
139 311
170 305
204 306
238 312
294 309
318 295
344 284
371 281
394 290
265 335
268 363
272 391
276 421
243 444
259 446
277 448
291 441
305 434
150 343
170 329
194 327
215 343
194 347
171 349
304 331
323 310
346 306
365 316
350 327
327 331
201 488
231 477
260 468
279 470
295 464
319 466
339 471
322 508
301 527
283 532
263 532
233 520
210 488
261 478
280 478
296 474
330 475
298 506
281 511
261 511
