29 343
31 400
41 457
58 510
83 560
117 604
157 642
202 673
252 683
299 672
339 641
373 601
403 557
427 509
442 455
448 399
446 343
58 279
86 254
124 247
163 249
197 263
281 260
316 245
354 243
390 251
416 274
241 325
242 363
243 401
244 441
202 476
222 481
243 485
263 480
282 475
92 333
119 316
150 318
176 340
149 346
117 346
301 339
326 314
356 312
381 329
360 341
329 344
174 560
200 535
227 521
245 526
265 520
292 534
315 558
294 589
269 601
247 604
227 602
201 590
187 559
227 549
245 549
265 548
303 557
267 564
246 566
227 564
