-5 168
-5 215
1 262
11 308
32 351
63 388
95 422
131 455
171 465
212 456
250 423
284 387
316 347
336 303
345 253
348 203
347 155
17 124
41 109
71 107
101 111
130 122
201 123
230 109
261 103
292 102
321 113
165 167
167 203
169 239
171 276
135 299
153 303
171 308
188 301
205 295
43 162
65 147
93 149
113 172
90 175
62 174
219 168
239 144
266 140
288 154
271 167
244 170
94 340
126 343
155 339
171 343
188 338
216 341
246 340
218 371
191 388
171 391
153 389
124 373
105 346
154 356
171 358
189 355
235 344
189 360
171 364
154 362
