39 330
39 377
47 421
59 463
80 502
109 539
141 573
175 603
211 612
248 606
283 579
316 547
346 512
371 476
385 433
395 389
398 343
63 288
91 275
124 273
156 280
184 295
259 295
289 282
321 278
354 281
382 294
221 339
219 378
216 417
214 457
183 473
198 479
214 485
230 481
246 475
91 332
115 322
143 324
166 346
139 352
111 349
275 349
297 328
326 327
349 340
329 356
300 357
150 520
176 517
199 513
213 518
229 514
248 519
272 525
248 546
229 554
211 555
194 553
173 543
160 522
197 528
213 531
229 529
261 527
229 529
213 531
196 528
