39 225
42 276
50 325
60 373
80 417
109 456
145 491
183 518
225 525
269 517
310 490
348 455
378 416
399 372
410 325
421 277
424 226
69 200
95 177
130 171
165 174
198 186
264 184
298 173
334 169
369 176
395 198
231 236
230 275
229 313
228 351
197 370
212 375
228 380
245 376
260 371
114 236
136 224
162 225
182 245
159 248
134 246
283 245
304 224
329 222
350 234
331 244
306 246
163 416
189 413
212 409
228 413
244 409
267 414
294 418
267 440
245 448
227 449
210 447
188 439
173 419
212 425
228 427
245 426
283 421
245 424
228 425
211 423
