239 367
246 426
256 483
273 537
303 584
343 624
390 656
440 681
488 685
529 676
563 646
593 611
617 569
634 522
648 474
658 424
661 374
323 331
359 311
401 303
443 307
483 318
539 320
569 310
601 305
631 311
651 334
510 364
514 400
519 437
524 474
476 503
495 508
514 512
529 509
544 503
368 367
393 352
422 351
446 372
420 380
391 380
547 375
570 355
598 356
618 371
599 385
571 384
430 573
463 562
493 553
509 559
523 554
540 564
557 576
538 595
520 602
505 604
487 602
460 593
442 574
491 572
507 575
521 573
546 577
520 575
506 577
490 575
