61 373
67 427
78 479
96 528
122 572
155 609
194 640
237 663
284 667
328 654
365 622
397 585
425 545
443 501
453 454
458 407
460 359
106 314
135 293
170 284
208 283
243 295
316 297
346 282
381 277
415 282
441 303
279 352
280 388
282 424
284 462
244 488
263 494
284 498
302 492
320 485
142 360
165 347
192 347
217 365
191 370
163 370
335 363
357 343
384 342
408 354
386 365
359 367
211 559
239 544
266 531
284 535
300 529
323 538
346 550
325 577
303 591
286 594
266 594
239 584
222 559
266 550
285 551
300 548
336 551
301 562
285 566
266 565
