73 369
71 417
76 466
87 513
108 556
136 596
165 635
197 669
239 681
285 675
332 645
375 607
414 567
440 521
455 471
465 417
470 363
80 323
103 307
135 305
166 306
196 318
271 317
310 304
353 303
393 314
424 338
230 367
226 410
222 452
218 495
184 503
203 512
224 521
249 512
274 505
108 360
132 351
158 354
179 372
154 372
128 369
298 375
324 357
352 356
378 367
353 376
325 376
154 540
178 539
206 539
231 545
256 540
295 539
335 539
298 588
259 607
232 609
205 604
177 583
165 546
206 549
231 554
257 550
324 544
258 582
231 584
205 579
