72 340
77 392
87 443
100 493
123 538
157 577
198 611
244 636
290 642
333 631
367 599
399 563
425 525
444 484
455 440
462 394
462 347
124 298
155 282
191 276
226 279
259 293
335 295
360 286
388 283
416 287
440 301
296 344
298 379
300 414
302 450
264 472
281 476
299 481
315 475
329 469
169 346
192 334
217 335
238 355
215 358
189 356
345 357
364 338
388 336
410 348
392 358
366 360
215 520
249 517
277 511
297 514
314 509
337 512
361 517
339 543
317 556
298 559
277 558
249 548
227 523
277 530
297 531
315 528
351 520
316 528
298 531
278 530
