139 445
140 494
146 544
155 592
172 635
200 673
230 708
263 737
304 747
346 742
387 720
424 691
457 656
483 616
501 567
513 515
518 460
153 392
177 371
208 367
241 372
269 386
341 386
372 371
407 368
442 374
472 393
304 435
303 471
302 506
300 542
270 568
286 575
303 580
320 575
338 570
184 436
205 422
231 425
253 445
229 448
203 447
364 445
386 425
413 424
437 437
415 447
389 449
240 628
261 613
285 602
302 608
322 602
348 613
374 629
349 656
324 670
303 673
283 669
260 655
252 629
285 626
302 629
322 626
362 629
322 637
303 640
285 637
