0 116
3 163
13 209
23 253
38 294
60 333
87 366
119 393
154 402
189 397
222 374
251 344
273 312
289 275
301 235
313 194
322 149
26 99
52 86
84 86
113 96
140 112
209 119
234 110
262 106
288 110
306 126
173 164
171 199
169 235
168 271
135 279
149 286
165 292
179 288
192 282
60 145
79 137
103 142
121 164
98 166
74 161
214 172
232 154
256 152
273 165
257 177
234 178
103 318
127 318
148 316
162 321
174 317
190 323
210 326
189 345
172 354
159 356
143 353
124 342
112 322
146 331
161 333
173 332
201 329
173 332
160 334
146 332
