55 221
57 271
65 317
75 361
89 403
112 442
140 478
171 508
211 519
251 515
287 491
322 461
351 427
371 386
387 344
401 299
411 252
88 199
117 182
152 178
186 183
217 198
265 205
297 195
332 195
363 205
387 224
238 250
235 282
233 313
230 344
193 366
209 372
226 378
244 375
260 371
122 244
144 237
168 239
187 256
164 259
141 257
283 263
306 250
329 251
348 261
329 270
306 269
159 420
185 413
208 407
221 413
236 409
256 418
277 428
254 450
233 459
217 460
202 458
182 446
169 422
207 425
220 427
235 426
267 428
234 435
219 437
205 433
