69 356
75 402
85 446
99 488
120 526
149 560
182 591
219 616
257 620
296 609
335 581
370 547
397 507
414 465
422 420
422 375
420 329
82 320
100 298
128 288
159 288
189 297
251 295
283 280
316 275
348 279
375 293
224 342
226 372
228 402
230 432
203 454
218 457
233 461
250 454
266 449
120 353
137 342
158 342
178 354
159 358
137 359
278 347
296 332
317 330
338 338
320 345
299 348
172 501
197 491
221 485
239 487
259 482
287 483
317 489
293 529
266 546
244 550
225 550
199 537
183 503
222 499
240 499
260 495
308 493
263 524
242 528
223 527
