-8 299
-7 347
2 394
16 438
36 478
65 512
98 543
135 569
176 575
215 563
243 532
266 500
293 465
311 425
321 382
329 336
329 290
15 246
39 227
71 221
102 226
132 239
217 242
241 226
267 217
295 219
316 232
169 286
172 325
176 362
179 400
142 418
160 425
179 430
196 423
212 414
45 287
66 273
94 275
115 295
91 300
63 299
220 289
238 268
263 264
283 276
268 288
242 291
104 473
134 467
160 460
178 464
194 458
219 459
244 462
221 488
198 503
179 508
160 507
134 498
118 475
160 480
179 481
196 477
234 465
196 479
179 483
160 482
