23 248
22 291
29 337
44 381
66 421
90 459
110 496
138 527
175 538
217 530
263 506
308 474
348 437
380 395
399 344
404 289
406 234
28 188
35 170
52 163
73 165
93 176
170 169
207 155
245 152
282 163
313 187
132 231
126 266
120 299
113 334
97 354
111 360
129 364
149 358
168 354
51 233
64 222
85 223
103 238
85 242
64 243
202 234
220 217
244 217
268 227
247 237
223 239
109 426
108 405
125 395
137 397
153 394
186 401
215 419
196 448
167 463
149 466
135 465
116 452
119 424
129 415
140 414
156 413
202 419
161 433
145 434
132 433
