-14 151
-15 204
-11 261
3 314
35 360
78 395
126 423
177 442
220 446
254 436
275 406
295 370
313 331
327 287
339 246
343 202
338 160
73 103
106 88
146 83
183 89
220 101
271 101
292 90
314 85
335 86
346 102
245 151
251 183
258 215
266 247
216 278
233 281
250 284
262 280
272 273
111 149
137 136
164 139
186 160
161 163
133 162
268 160
287 138
312 137
326 151
314 162
290 163
172 345
205 328
234 317
247 321
259 315
272 324
279 339
271 360
259 372
245 376
228 376
201 369
185 344
231 340
245 340
257 338
269 340
259 342
247 345
232 345
