-5 139
0 194
11 249
28 298
58 340
99 375
143 405
187 426
224 427
255 413
279 381
304 348
327 313
345 276
356 235
360 195
358 155
67 114
102 98
141 93
179 98
215 111
280 109
301 98
322 92
343 89
358 99
248 154
251 193
255 233
259 272
210 288
229 293
247 299
264 292
277 282
110 152
135 138
164 138
186 159
161 164
133 164
278 155
296 133
320 131
336 143
323 156
300 158
162 331
194 330
221 327
237 331
252 325
266 328
277 329
264 349
251 362
235 366
217 366
191 355
173 334
220 342
236 342
251 339
269 333
251 338
236 342
220 342
