-9 141
-5 199
3 255
20 306
52 352
93 390
140 423
189 445
230 447
260 430
283 394
307 358
327 318
342 277
353 236
358 194
354 152
72 114
104 97
143 91
181 95
217 107
273 106
298 94
322 89
345 90
356 108
246 153
249 186
254 218
259 251
212 277
230 282
247 286
261 281
273 274
112 155
137 141
163 143
184 163
161 168
134 167
272 161
293 139
317 137
333 148
320 162
296 164
171 340
203 329
229 323
244 327
259 322
272 324
281 331
273 356
260 370
244 374
227 373
201 364
181 339
229 336
244 337
258 333
273 334
259 346
244 351
228 350
