65 179
70 235
80 290
96 342
120 391
155 434
194 471
238 500
285 507
326 494
363 464
395 428
422 388
440 341
449 291
452 240
451 189
86 141
117 117
159 109
201 114
239 131
310 129
343 117
377 114
410 121
433 143
283 186
285 226
288 265
292 304
244 325
264 332
285 338
305 332
322 325
135 185
160 172
190 175
218 197
189 200
157 199
325 200
350 177
379 177
405 190
383 203
353 205
210 396
238 378
264 369
282 375
304 371
327 382
349 400
326 422
302 432
279 433
259 431
234 420
225 396
262 392
282 394
303 393
335 399
303 397
281 398
262 396
