77 169
81 213
85 256
90 299
103 340
127 373
157 404
191 431
230 442
271 437
311 413
347 382
375 346
395 303
406 257
417 210
424 160
92 127
112 110
139 106
167 108
195 119
261 124
294 113
327 110
360 114
385 132
228 159
227 192
225 224
224 257
196 274
211 280
226 286
243 280
260 274
124 165
143 155
164 156
183 170
161 171
141 170
283 170
302 158
324 157
345 166
324 172
302 172
164 323
187 317
208 314
228 317
248 314
273 317
304 322
276 354
249 367
228 369
206 366
184 353
174 327
208 325
228 327
248 325
293 325
248 345
228 348
207 344
