83 182
86 236
97 287
112 336
137 383
168 424
203 461
241 492
283 501
326 492
369 462
410 425
446 382
471 334
486 282
494 227
493 171
107 146
132 127
168 125
202 130
236 140
310 139
344 125
381 119
418 122
449 140
273 193
273 235
273 276
272 318
239 337
256 343
276 348
296 342
315 335
143 186
167 173
196 175
220 200
192 202
163 199
334 200
356 175
386 172
411 185
390 199
360 201
216 394
237 387
261 380
278 386
295 380
321 387
351 394
323 424
297 436
279 437
259 434
236 421
228 397
260 399
278 402
296 399
338 397
296 403
279 405
261 403
