30 165
33 215
43 264
56 310
79 352
114 387
154 415
196 437
237 443
271 433
301 406
328 373
349 336
363 296
375 255
381 212
376 167
79 121
106 103
140 97
173 101
203 114
266 112
289 99
315 95
341 98
360 116
237 157
239 190
241 222
243 255
206 276
223 282
240 287
254 282
267 276
118 159
140 142
165 143
183 168
162 169
137 168
278 169
297 145
320 142
336 160
323 168
300 170
169 333
197 318
223 310
238 314
252 310
273 319
291 331
273 358
254 368
238 371
222 369
196 358
179 333
223 327
238 328
252 327
281 332
253 345
238 346
222 344
