17 153
16 205
23 257
39 305
67 346
101 379
139 407
180 425
217 426
248 412
271 382
297 352
324 319
346 283
361 243
366 202
364 161
79 119
112 105
148 103
184 109
215 122
277 117
300 102
323 93
348 90
363 106
250 161
252 200
255 238
258 276
207 288
228 295
248 302
266 295
281 285
113 160
138 145
164 147
188 168
163 172
136 171
279 162
299 138
323 134
340 147
327 160
303 163
154 325
193 325
224 321
241 326
258 320
273 321
288 321
271 343
256 355
238 360
219 360
190 350
165 328
223 335
241 336
258 332
278 327
257 332
239 336
222 336
