111 175
103 214
104 252
114 291
129 330
151 365
173 401
195 439
230 455
274 452
324 434
372 407
413 374
440 329
452 276
460 221
462 167
114 120
126 102
148 99
171 101
192 112
250 111
284 98
321 95
357 102
387 122
220 159
215 193
208 226
201 259
184 283
198 288
214 293
232 288
252 285
135 160
151 147
173 149
192 170
170 170
148 168
278 170
299 151
324 149
349 162
327 170
301 171
167 322
181 318
199 314
216 319
234 316
272 323
317 331
277 366
240 377
220 378
202 374
184 356
178 329
199 330
216 332
235 332
308 333
238 357
219 355
202 350
