83 171
85 228
95 281
111 331
138 374
171 411
212 443
250 470
289 480
330 475
365 447
398 411
427 370
448 321
464 271
474 215
474 160
112 123
141 113
174 118
206 129
236 144
310 145
343 130
380 119
419 120
448 135
275 195
275 237
276 279
276 321
240 334
259 342
279 349
297 343
315 336
142 175
164 160
194 165
219 193
190 195
160 193
333 196
356 168
389 165
415 181
392 197
360 199
212 396
236 382
260 372
279 378
295 373
321 385
345 399
325 424
300 433
281 434
261 431
236 420
224 397
260 393
279 395
296 395
331 400
298 401
280 401
261 399
