73 183
74 238
85 291
102 341
128 386
159 428
195 466
236 495
281 503
326 493
367 464
404 425
435 380
456 330
467 276
476 222
478 168
108 133
140 118
176 118
210 123
241 136
308 139
343 124
381 117
419 119
449 139
277 188
276 230
277 272
277 313
240 337
259 342
279 348
298 342
317 335
142 182
166 168
195 172
219 197
191 199
162 197
334 196
357 171
387 169
411 184
391 198
360 200
213 396
235 382
260 373
280 380
298 373
324 382
349 397
326 427
301 442
281 444
259 441
234 427
225 397
260 399
280 400
298 399
338 398
300 405
280 408
260 405
