103 160
96 200
96 241
108 282
125 324
145 366
165 405
188 444
222 464
266 465
314 445
358 416
397 381
424 336
441 284
452 227
458 171
106 109
121 97
143 101
165 111
184 129
255 129
283 116
318 111
352 114
385 126
220 167
215 201
210 234
205 268
185 280
198 288
214 294
234 290
255 285
129 157
146 144
169 147
188 170
164 170
142 167
280 174
301 154
326 153
350 167
328 176
302 177
164 312
180 310
200 309
218 314
236 313
273 319
317 329
277 373
239 387
219 386
199 380
179 356
173 319
200 318
218 323
236 324
309 330
238 364
219 363
200 355
