125 153
122 194
127 235
142 274
158 315
177 352
193 389
211 420
247 432
293 433
347 414
400 391
447 355
477 310
493 254
500 192
502 132
117 92
124 80
140 81
158 88
173 101
242 96
276 81
314 75
353 82
387 101
207 153
200 188
191 223
183 258
173 283
186 290
202 293
221 289
239 286
134 145
148 129
172 131
190 155
168 156
146 155
275 159
296 137
325 137
353 153
327 163
298 163
184 344
183 324
198 315
211 319
226 314
262 325
300 343
270 374
238 388
220 388
205 384
190 369
191 345
200 339
213 339
229 338
287 343
234 354
218 354
204 351
