21 136
17 188
20 239
29 289
54 333
90 370
131 404
174 432
219 437
258 425
285 390
311 356
338 320
361 281
376 241
380 198
376 155
83 128
114 116
150 115
186 124
216 138
270 139
293 126
320 115
347 111
370 122
243 168
246 207
249 245
252 284
199 294
221 301
243 307
264 300
282 289
116 159
140 148
167 151
189 172
164 172
137 170
280 169
299 146
324 143
342 154
326 165
301 168
141 321
180 323
217 320
237 324
256 319
277 318
297 313
276 350
254 369
234 373
211 371
177 357
151 325
215 333
236 334
255 330
286 320
255 347
235 351
214 350
