-2 167
1 215
10 264
22 310
45 352
83 386
125 414
169 436
216 440
253 431
279 400
299 364
318 326
332 289
345 251
350 210
349 171
71 125
102 111
136 108
169 114
200 127
261 130
285 120
309 114
334 114
352 126
236 158
241 189
247 219
253 250
212 280
228 283
243 285
256 282
267 277
109 155
132 140
159 141
180 163
156 166
130 165
268 164
286 142
310 142
325 157
312 166
288 167
176 344
204 328
230 315
244 319
257 314
271 325
279 341
268 357
253 369
239 372
223 371
200 363
186 344
228 338
243 338
255 337
271 341
254 343
241 345
226 344
