112 169
110 207
114 245
126 283
141 323
158 362
179 397
205 426
241 436
284 432
330 413
374 389
409 354
436 312
448 263
450 210
448 160
105 121
117 102
140 96
165 99
191 109
250 102
284 87
320 81
357 88
386 109
221 151
217 183
213 213
208 244
193 272
205 277
219 281
236 275
254 271
134 160
148 148
170 147
190 163
169 167
147 167
282 161
303 144
328 143
351 155
330 164
305 164
179 334
191 320
208 311
221 315
235 311
264 322
296 336
266 358
239 365
223 366
208 363
191 353
189 334
209 330
222 331
236 331
283 336
236 335
222 335
208 334
