77 178
77 233
86 286
101 336
126 382
158 426
193 465
235 495
281 503
326 493
368 464
405 425
436 380
457 330
468 277
476 224
478 170
112 132
142 116
178 116
211 122
242 135
309 138
344 124
381 117
419 119
449 139
277 187
277 230
277 272
277 313
240 335
259 341
278 348
298 341
317 335
144 182
168 169
195 173
219 196
191 199
163 196
336 196
358 173
387 171
411 185
391 198
361 200
212 395
234 381
259 372
280 379
297 372
324 382
348 398
326 427
301 441
281 444
259 441
233 426
224 397
259 398
279 399
298 398
336 398
299 405
280 408
259 405
