89 168
88 212
93 255
103 295
120 331
145 361
171 388
199 407
230 416
265 413
303 396
342 373
378 343
406 309
426 268
437 222
440 173
98 107
121 93
148 91
176 97
201 111
262 116
291 104
322 99
353 102
379 117
228 159
227 194
225 228
222 262
197 278
212 284
228 288
245 284
262 279
122 154
141 141
165 144
187 165
162 167
138 165
280 167
300 145
326 144
349 156
328 166
303 168
173 328
191 316
213 306
230 310
246 305
273 314
299 327
275 353
250 366
232 369
213 367
193 355
184 330
213 324
230 325
247 324
286 328
248 339
231 340
214 338
