27 163
28 211
33 261
41 309
61 354
95 392
137 423
184 445
231 449
273 437
305 403
335 367
358 329
372 287
381 246
386 204
385 163
83 132
111 114
144 110
177 114
206 127
269 124
293 113
320 110
346 113
365 128
240 164
242 196
244 227
246 259
203 279
223 283
242 288
259 283
274 277
123 166
145 155
168 156
185 173
165 175
143 173
283 170
301 154
322 151
338 162
325 170
304 172
151 325
186 320
219 316
238 320
256 315
280 318
303 323
281 353
258 370
238 374
217 373
184 359
160 328
219 327
238 329
257 326
293 327
257 349
238 354
218 352
