137 206
137 252
147 298
157 343
169 386
191 427
219 461
252 487
291 495
335 487
380 466
422 441
459 409
482 365
491 312
497 258
496 203
136 155
151 133
179 126
207 131
233 146
313 141
346 127
381 123
416 129
445 150
275 197
273 236
271 275
269 314
242 336
257 342
274 347
294 340
312 335
164 197
183 182
209 183
233 207
207 210
181 209
337 205
359 181
387 178
413 193
392 205
362 207
206 393
231 381
256 371
275 375
293 371
327 380
361 393
330 425
298 441
277 443
257 440
231 425
220 397
258 394
276 396
295 394
347 395
295 406
276 408
258 407
