128 188
127 239
137 289
153 338
173 386
195 428
221 467
250 500
287 513
331 511
381 492
426 461
464 418
492 366
511 308
523 245
526 183
131 126
148 109
175 111
201 121
227 136
313 141
348 125
387 117
426 121
461 139
266 187
262 230
257 272
252 314
229 333
244 342
263 348
285 343
307 336
155 173
175 159
204 162
226 189
199 193
171 190
335 191
359 167
390 165
418 181
393 195
361 196
218 396
232 385
249 378
267 385
285 380
317 391
353 404
319 429
287 437
267 437
248 432
231 419
231 399
250 397
268 400
286 400
339 405
286 405
268 405
249 401
