63 136
64 186
73 233
85 278
103 321
128 360
160 396
196 423
235 432
274 423
313 396
347 361
376 321
394 278
404 232
414 185
416 136
83 114
105 97
135 94
166 100
193 113
257 112
290 101
325 96
359 100
385 118
230 155
229 188
228 220
228 253
197 275
213 281
230 285
247 281
263 275
119 153
140 140
166 143
186 164
164 167
138 165
279 165
299 145
325 144
346 156
328 167
301 168
178 335
197 320
216 311
231 318
247 312
269 320
291 333
268 356
248 366
230 367
214 366
196 356
188 335
216 333
231 334
248 333
279 333
247 336
230 339
215 336
