104 141
104 184
110 225
122 267
141 308
162 346
185 381
210 412
242 427
281 427
322 408
358 377
388 339
411 295
426 247
436 193
438 140
103 93
120 82
144 86
168 95
191 109
250 111
283 100
317 94
353 97
384 111
222 156
219 194
214 231
210 268
190 280
204 289
220 295
238 289
256 284
129 139
146 130
170 134
190 157
166 158
142 154
277 164
299 144
325 142
350 153
328 167
301 168
184 323
195 320
208 318
222 325
235 322
261 330
292 336
264 358
239 366
223 365
208 359
195 344
192 327
208 333
222 337
236 338
281 337
237 340
223 339
208 334
