18 163
21 214
30 264
43 312
67 353
105 388
147 418
192 440
236 445
271 432
296 400
319 366
342 330
362 293
376 252
381 209
381 166
76 125
107 107
142 101
178 106
209 121
273 122
298 106
326 100
353 104
370 123
244 162
248 200
252 236
256 273
208 287
228 293
249 299
266 292
281 284
116 164
139 151
164 153
185 172
162 174
137 173
278 169
296 147
319 145
338 156
322 166
300 169
149 323
188 317
222 316
243 319
264 313
285 313
304 316
286 347
265 365
243 370
220 369
185 355
158 325
221 326
243 328
264 323
294 321
264 344
243 350
220 349
