77 181
77 237
87 290
103 340
128 386
160 429
196 467
237 496
282 503
327 493
369 463
405 424
436 378
456 328
467 276
476 224
477 171
111 133
142 118
177 118
211 123
242 136
309 139
343 125
379 119
418 121
448 140
277 188
277 230
277 271
277 313
241 336
259 342
278 347
298 342
317 336
144 184
167 171
195 173
219 197
192 200
163 198
335 197
357 174
386 172
410 186
390 199
360 201
213 396
234 381
260 372
280 379
298 373
324 383
348 398
326 428
301 442
281 444
259 442
234 427
224 397
260 398
280 400
298 398
336 398
299 406
280 408
260 405
