74 161
73 204
78 247
88 290
109 331
136 368
165 403
199 433
238 443
277 435
314 407
347 373
377 335
399 295
409 251
413 203
410 157
82 127
104 110
135 111
166 121
193 135
261 136
289 122
321 115
353 118
378 135
228 172
228 210
228 247
227 283
194 287
211 295
230 301
250 295
268 288
117 161
136 150
160 153
182 174
157 175
134 172
277 175
298 156
322 153
343 165
324 175
300 176
155 309
184 316
214 317
235 320
254 316
288 315
322 313
290 354
257 370
236 372
214 369
183 350
163 314
215 324
235 328
255 324
313 317
256 350
235 353
214 348
