129 161
128 203
137 246
152 286
166 326
181 366
199 400
221 430
253 443
297 439
347 421
395 394
437 359
466 314
484 259
492 202
493 143
110 87
125 71
148 72
171 83
189 99
225 96
263 81
304 73
347 78
385 97
214 145
208 182
201 219
193 256
180 271
193 282
209 288
228 283
246 278
139 139
151 127
171 130
191 148
170 151
149 150
279 150
298 132
323 132
349 143
327 154
301 155
191 337
192 326
201 320
213 326
226 322
254 331
289 344
260 363
237 369
222 369
209 365
200 355
198 337
205 336
216 339
230 338
276 344
231 340
217 339
206 337
