74 183
75 239
85 291
102 340
127 385
158 427
194 465
234 495
278 502
323 493
366 464
402 426
433 382
455 332
467 280
475 226
477 173
109 133
140 118
176 118
209 123
241 135
308 138
343 124
379 117
418 119
448 138
276 187
276 230
277 271
277 313
240 335
258 341
278 347
298 341
316 334
142 183
165 169
194 172
218 196
190 199
161 197
335 196
357 172
387 171
410 185
390 198
360 200
211 395
233 381
259 372
279 378
297 372
323 382
347 397
325 426
300 441
280 443
258 440
232 426
223 397
258 398
279 400
297 398
335 398
299 405
279 408
259 405
