124 176
121 216
126 257
136 298
148 338
167 374
188 407
211 433
244 445
291 442
342 427
390 404
432 374
460 333
474 282
484 230
489 176
116 112
126 92
147 86
171 91
192 104
255 104
289 90
328 88
364 99
394 122
219 156
213 185
205 214
199 243
189 273
201 279
214 282
232 278
251 274
139 158
154 143
176 144
196 164
173 167
151 166
287 164
308 144
334 144
358 158
336 168
309 168
184 341
192 321
204 309
217 313
231 308
262 320
299 340
265 358
238 367
222 368
207 367
196 360
192 341
206 331
220 331
234 330
286 338
234 342
220 342
207 343
