29 157
30 204
34 252
45 296
65 337
97 373
135 404
181 428
225 433
266 423
300 393
330 356
353 318
369 277
379 235
384 193
387 152
83 124
109 108
139 102
170 104
198 115
274 110
300 95
327 88
355 90
374 109
239 159
241 194
244 229
246 264
210 281
226 286
242 291
256 286
269 279
116 161
137 148
163 150
182 170
161 173
135 171
283 166
301 144
324 140
342 152
328 163
305 166
167 327
197 322
222 318
237 322
251 317
269 320
287 325
268 352
251 366
236 369
219 368
194 356
178 330
222 330
237 332
251 330
277 329
250 340
236 344
220 343
