8 145
13 198
23 249
37 299
62 343
101 381
144 413
191 439
235 443
274 429
305 394
333 359
358 323
374 281
382 237
387 194
388 151
72 131
100 112
137 108
173 115
206 128
270 126
297 112
326 104
355 103
377 119
238 164
240 197
243 231
245 265
205 285
223 289
241 294
257 288
272 282
118 165
140 156
165 157
185 174
164 177
139 175
278 169
297 151
320 147
339 156
323 167
300 170
152 324
191 325
219 321
238 325
256 319
277 321
302 318
279 343
259 356
239 359
219 359
190 350
164 329
219 335
239 337
257 333
290 325
257 331
239 335
219 335
