17 175
14 228
18 285
30 339
58 385
96 417
139 442
185 457
227 457
257 443
280 407
301 369
322 330
341 288
356 246
361 203
359 162
88 108
119 94
151 90
183 93
210 106
276 101
298 90
321 84
342 86
356 101
247 153
250 187
254 221
258 255
212 281
230 284
247 288
261 285
273 279
119 156
144 144
169 145
186 167
166 170
141 168
278 164
298 142
320 138
332 151
323 164
301 166
162 336
198 326
228 319
243 323
257 319
271 325
283 333
268 351
254 364
238 369
222 367
194 358
172 338
226 339
241 339
256 338
274 336
255 339
240 343
225 343
