5 157
11 212
20 266
36 313
63 352
101 383
145 408
190 426
232 428
265 414
289 384
313 350
335 314
350 276
362 234
366 194
364 154
72 121
109 106
148 103
186 108
217 123
273 122
294 107
317 98
343 96
363 108
243 161
247 199
253 236
257 274
210 293
231 297
250 301
266 295
280 287
109 161
135 147
163 148
186 170
162 173
133 172
276 166
296 143
320 140
339 152
324 164
300 167
153 326
193 325
227 321
244 325
261 319
278 320
296 317
277 345
260 361
242 367
223 366
190 353
166 329
226 337
244 338
261 334
284 324
259 336
242 341
224 340
