29 126
26 181
30 234
41 288
61 334
93 375
133 408
179 434
225 439
267 429
299 396
329 362
351 325
367 283
379 245
390 204
396 160
75 106
106 89
143 88
178 99
208 113
283 126
309 120
336 116
361 119
378 132
243 155
245 188
248 219
250 251
204 273
222 277
240 281
256 278
271 273
115 151
140 139
165 142
185 161
163 164
136 163
280 166
302 150
325 152
343 164
326 171
303 171
169 331
197 315
222 306
238 310
254 305
272 314
285 329
272 350
254 361
236 365
219 364
195 354
183 331
221 324
237 324
253 323
275 330
254 336
238 338
221 337
