80 176
81 220
88 265
101 308
124 345
151 374
177 401
205 424
237 429
268 420
295 393
321 362
347 330
369 294
379 253
382 210
381 166
89 123
107 99
135 91
166 93
195 105
267 104
293 92
320 91
347 96
366 115
229 157
230 192
232 227
234 261
197 281
215 287
233 291
252 285
269 279
117 160
138 145
163 146
183 168
162 172
136 170
279 168
301 147
324 145
342 160
326 170
302 171
168 326
198 327
223 323
236 326
251 322
274 325
299 323
274 346
253 358
236 361
222 360
197 350
179 329
222 338
236 339
252 337
288 327
252 337
236 340
222 338
