82 141
87 187
94 229
104 270
121 308
144 342
169 372
198 399
231 411
267 409
302 386
333 356
362 319
383 278
397 233
410 185
417 135
97 104
121 91
150 93
178 100
205 113
260 114
290 101
323 94
357 96
385 113
234 155
233 193
231 231
229 268
202 276
217 283
232 289
247 285
263 280
124 149
143 137
167 139
186 161
164 165
139 163
285 163
303 143
329 142
350 155
331 167
306 168
183 327
198 317
215 313
231 318
247 314
266 321
286 334
267 351
248 358
231 358
214 354
198 343
193 328
214 327
231 330
247 330
275 333
248 334
232 335
215 331
