80 176
78 230
80 286
87 340
107 390
139 433
178 469
224 497
273 508
319 501
357 472
392 437
421 396
442 349
455 301
465 248
469 194
113 141
143 125
179 126
215 138
244 155
320 155
353 141
390 133
427 137
453 157
288 193
289 234
290 274
292 316
243 337
264 344
286 350
307 346
326 340
146 180
171 164
201 168
226 197
198 196
167 194
338 200
362 171
392 170
416 187
396 198
365 200
213 400
240 389
265 382
283 389
304 384
326 393
346 404
326 421
304 430
282 432
262 429
238 417
223 400
264 400
283 402
304 400
336 405
304 402
283 403
264 401
