12 158
17 208
28 257
44 304
73 346
113 380
155 408
200 430
242 431
277 415
299 379
320 345
342 312
359 278
367 241
365 202
358 164
69 118
100 101
137 94
174 97
208 111
270 112
292 101
316 97
339 96
358 107
241 161
246 199
251 237
257 274
206 291
228 295
248 300
266 293
282 285
111 164
135 149
161 150
183 172
159 174
133 173
276 170
295 146
318 144
336 156
322 168
298 170
151 323
190 322
225 319
245 321
263 316
282 315
300 315
282 341
265 358
245 363
224 363
189 352
162 326
224 335
245 335
263 331
289 321
263 332
245 337
224 336
