93 178
94 229
102 281
114 331
139 376
171 418
206 457
243 492
288 502
334 494
374 462
410 422
443 378
465 329
475 276
480 220
478 164
110 140
141 136
173 144
202 157
230 172
310 174
339 160
372 146
409 138
443 144
272 198
272 245
272 291
272 338
235 345
254 354
276 362
298 355
320 346
142 183
165 170
194 173
218 199
191 200
162 197
331 200
354 175
384 171
410 185
388 199
357 200
205 383
232 387
257 387
280 395
300 388
331 389
366 386
334 416
304 430
282 432
258 428
232 412
216 390
257 400
281 404
302 402
354 391
302 403
281 404
258 401
