86 177
85 230
94 282
107 330
129 377
156 421
190 457
230 485
277 494
325 486
366 458
399 420
427 377
450 333
464 284
471 233
469 180
113 136
140 120
175 121
208 132
237 149
319 151
347 135
379 125
412 124
440 139
276 191
276 238
276 284
275 330
233 341
253 350
275 357
298 351
320 342
142 179
165 166
194 169
220 196
191 197
162 193
335 198
358 173
386 170
412 183
390 197
361 199
204 389
232 388
257 385
277 392
294 386
319 390
348 394
319 418
294 429
275 431
254 427
229 414
215 393
256 401
276 405
295 403
337 397
294 403
276 405
256 401
