15 121
18 159
22 197
30 234
45 265
71 288
103 307
137 319
169 320
197 314
218 296
239 273
255 248
266 219
275 189
278 158
277 126
61 80
83 68
110 65
135 70
159 81
209 84
224 75
241 69
258 68
270 78
180 116
184 143
188 169
193 196
161 213
173 216
186 220
196 216
204 210
86 115
104 104
124 105
140 123
121 125
101 124
200 121
216 104
236 102
249 112
237 123
218 123
126 253
149 245
170 239
180 242
191 238
201 243
209 252
198 264
188 272
177 275
165 274
147 269
135 253
168 254
180 254
189 253
201 253
188 253
179 255
168 255
