10 116
13 156
20 194
28 231
42 264
67 290
100 309
135 322
168 323
197 318
221 298
244 274
261 248
272 217
280 185
284 153
283 120
56 80
81 68
110 65
138 70
163 81
201 84
220 76
241 70
262 69
277 80
182 114
186 143
190 171
194 199
161 214
174 218
187 221
198 217
208 211
85 113
104 102
125 104
141 122
122 125
101 123
203 121
219 103
239 101
253 112
241 122
221 123
126 255
151 247
172 241
183 244
193 240
203 245
209 254
199 266
190 276
178 278
167 278
148 272
135 256
170 256
181 256
191 255
201 255
190 256
180 258
169 258
