89 176
88 219
92 261
99 304
113 345
132 382
160 414
192 438
234 447
280 443
324 424
364 400
394 368
417 329
427 284
433 237
436 190
105 114
123 94
148 85
176 85
201 97
260 101
289 90
324 89
356 100
382 121
226 152
223 179
219 205
215 232
196 267
208 270
222 273
237 270
254 266
128 164
144 147
168 147
189 168
166 174
142 174
282 168
301 147
328 147
349 164
328 175
302 174
182 341
192 315
210 300
224 304
237 300
262 314
285 342
263 361
240 369
225 369
210 368
193 360
194 339
210 326
225 326
237 326
273 340
238 342
226 342
211 340
