110 180
107 232
110 283
122 333
145 379
175 422
205 458
238 492
282 504
331 500
376 476
415 444
453 406
483 359
498 306
504 248
502 192
126 142
150 123
184 122
217 131
245 146
315 146
348 130
386 123
423 125
455 140
273 189
270 231
266 272
262 313
227 331
246 339
268 344
290 338
312 332
153 178
175 167
203 170
226 193
199 195
171 192
335 191
359 170
389 168
416 180
392 194
362 195
213 399
230 385
251 375
270 382
287 376
317 387
349 399
319 420
291 431
271 432
251 429
231 417
224 399
251 397
270 399
288 397
336 399
289 400
271 401
252 399
