126 166
118 206
121 246
132 286
146 325
163 363
184 399
208 431
242 444
288 441
337 425
380 402
418 372
441 331
455 282
464 232
467 185
128 101
140 91
159 92
177 99
196 111
267 111
296 100
328 93
362 94
394 106
223 154
215 184
207 214
198 245
189 273
199 280
212 284
228 280
246 274
141 152
154 136
177 137
196 160
173 164
151 162
284 158
305 137
332 137
355 152
333 163
306 163
182 335
188 320
202 309
215 313
227 309
256 322
288 339
260 363
235 371
220 371
206 369
192 357
192 337
203 333
217 333
229 333
277 339
231 339
219 339
205 337
