9 252
14 310
27 365
46 416
76 461
115 498
158 531
202 556
245 559
283 542
313 506
343 465
372 421
391 372
402 320
408 267
408 213
53 225
85 204
125 200
168 206
204 223
250 221
281 203
316 190
351 183
382 196
232 255
237 293
242 331
248 370
207 396
226 401
247 404
265 397
281 387
94 264
118 256
145 255
172 266
145 273
118 275
280 255
301 241
327 239
350 242
330 256
304 258
186 469
212 453
237 439
252 443
265 435
284 442
299 451
286 479
270 496
255 502
238 503
213 493
199 468
237 463
252 463
266 458
288 454
267 461
252 467
238 467
