61 319
62 367
67 415
79 461
101 502
132 538
170 568
211 591
254 597
293 588
323 558
352 524
377 488
395 449
410 408
419 366
419 322
110 281
139 266
173 261
208 267
239 281
303 279
328 267
354 261
382 261
405 273
271 323
271 356
271 389
272 421
238 447
253 451
268 455
283 450
297 444
147 320
170 305
197 307
218 332
193 335
166 333
314 330
332 303
358 299
377 314
363 328
337 332
200 505
228 493
253 485
269 490
286 483
303 489
319 500
302 521
286 531
268 534
250 534
226 526
211 505
252 502
269 503
285 500
309 501
286 506
269 509
252 507
