92 429
84 475
86 521
100 565
118 607
141 647
167 684
193 718
230 733
277 733
328 711
376 680
419 642
450 596
472 542
489 486
497 429
96 362
116 349
140 352
165 358
188 370
260 373
299 360
341 358
382 368
418 389
220 424
214 462
207 500
201 538
180 556
193 565
209 573
230 569
251 566
118 412
137 399
162 403
181 428
157 429
132 425
287 435
310 414
339 414
365 430
341 441
312 440
166 604
181 602
197 599
212 606
229 603
264 613
306 618
266 648
231 657
212 656
195 649
180 632
175 610
198 619
213 624
231 624
295 620
230 626
212 625
197 619
