60 294
65 343
72 390
83 435
106 476
141 510
183 537
224 557
261 561
293 548
315 516
337 483
354 451
368 417
379 383
384 350
383 315
126 264
152 250
183 243
215 247
244 260
311 263
331 254
353 251
372 252
386 264
279 309
281 339
285 369
288 399
250 419
265 423
280 427
292 423
303 416
161 309
182 295
206 296
228 315
205 320
180 320
306 314
324 294
347 293
363 306
350 318
326 319
200 459
233 454
261 448
276 451
288 446
303 449
315 454
302 476
289 488
275 492
259 492
231 482
211 461
260 466
275 466
288 463
305 458
288 464
275 468
260 468
