38 274
33 312
36 352
46 390
58 427
78 459
102 488
128 514
160 525
195 521
232 502
267 475
297 442
317 402
332 359
343 315
349 269
40 222
52 206
72 201
95 203
115 212
178 210
208 201
238 201
266 210
287 226
144 259
141 288
137 317
134 345
115 371
127 377
139 381
154 377
168 374
59 261
74 248
96 250
111 269
93 273
72 272
193 269
212 252
235 251
252 264
236 273
214 273
97 423
112 417
130 413
141 417
158 413
183 419
213 422
186 444
161 454
144 456
130 454
113 445
107 427
130 429
142 431
158 429
201 424
160 430
143 432
130 430
