45 261
47 310
53 360
62 411
82 456
114 496
155 529
202 556
248 565
292 555
332 527
367 492
393 452
410 407
420 360
427 314
427 267
95 213
124 192
161 186
198 191
231 204
299 203
329 191
363 188
394 196
414 220
267 253
269 287
270 322
272 357
223 376
245 383
267 389
287 385
305 380
136 253
160 241
185 244
207 263
183 265
158 263
313 266
333 247
358 245
379 258
360 266
335 268
172 426
206 411
240 406
263 412
287 408
315 417
339 431
313 464
285 482
259 485
233 481
201 461
181 427
238 423
263 427
287 426
328 433
285 455
260 457
235 453
