44 303
44 363
49 420
59 474
80 524
114 568
155 607
199 638
244 646
284 636
318 605
350 570
379 531
399 486
413 439
424 391
430 344
116 284
151 267
189 267
226 276
258 295
336 302
363 291
390 288
414 292
429 309
295 353
295 391
295 427
296 465
243 484
263 490
283 497
301 493
318 487
155 337
182 328
210 332
230 355
205 359
176 353
332 362
353 343
379 343
396 355
380 368
355 369
194 533
226 524
257 519
274 527
291 523
309 533
323 544
303 567
283 580
264 583
244 579
218 564
206 535
254 539
271 543
289 542
312 544
285 551
268 554
250 551
