54 263
47 299
48 336
57 371
73 405
95 438
114 471
135 502
168 517
207 517
243 501
277 477
309 448
336 414
351 373
357 328
358 283
55 213
70 200
92 202
113 209
133 221
183 227
215 216
247 214
280 219
308 235
157 264
152 298
147 331
141 364
119 371
133 381
150 390
169 384
189 379
74 248
89 238
109 243
126 265
106 263
85 259
205 273
222 253
245 253
268 266
247 274
224 275
112 399
125 401
141 403
156 409
172 407
203 410
236 411
204 436
175 447
156 447
140 441
127 424
121 404
140 415
156 420
172 419
228 412
174 427
157 426
141 420
