45 286
49 339
59 391
71 442
90 491
120 535
154 574
193 605
240 612
287 604
331 577
371 543
403 504
426 458
439 407
443 356
443 305
64 250
94 230
134 231
172 242
207 258
267 258
302 243
338 234
376 233
407 251
235 296
234 331
233 366
232 402
195 427
214 432
232 437
252 434
270 430
102 294
123 283
150 287
176 305
148 310
120 308
292 307
313 287
341 288
368 300
345 312
316 314
170 500
193 483
216 473
232 480
250 476
274 489
301 506
273 525
249 534
230 534
212 531
191 522
182 500
215 495
232 498
250 497
287 504
249 501
230 502
213 501
