23 305
25 349
36 393
52 434
68 477
86 518
109 555
139 586
178 598
223 591
264 562
299 523
330 479
350 432
360 382
367 330
369 279
32 249
49 232
74 229
99 234
122 247
190 241
220 226
253 218
287 224
311 243
160 297
159 334
158 371
156 407
136 432
149 437
164 440
179 436
194 432
59 300
76 286
101 287
121 308
99 312
74 311
216 305
234 284
260 281
280 294
265 307
238 309
123 493
136 479
152 473
166 477
183 473
206 481
230 492
208 517
187 528
169 529
153 526
136 514
132 494
153 493
167 495
184 494
218 493
184 495
167 497
153 494
