10 298
14 345
22 395
34 443
58 485
89 523
121 558
160 588
201 594
240 582
280 548
315 509
345 467
364 422
373 375
378 326
381 279
23 255
47 240
77 238
107 244
136 259
217 257
249 243
282 235
316 236
342 252
181 307
181 347
181 387
182 426
153 436
168 444
185 450
201 442
216 435
61 304
81 290
109 294
130 316
107 320
79 319
238 316
257 293
285 291
306 305
289 318
263 321
120 477
149 477
173 475
189 479
208 474
234 474
266 469
239 505
214 522
193 525
174 523
148 510
133 483
173 492
190 494
209 490
252 475
212 495
191 499
174 497
