57 348
59 392
68 435
81 477
102 517
131 552
162 585
194 617
237 625
283 615
329 586
374 553
415 516
442 468
454 413
456 356
454 298
51 294
67 277
92 271
119 272
148 280
228 276
262 260
301 251
340 253
380 264
188 328
187 365
185 401
183 437
162 460
178 465
197 469
217 461
239 455
82 334
101 317
127 316
151 336
127 342
100 344
259 327
281 304
309 300
337 312
313 325
285 329
148 506
166 502
187 498
205 501
224 495
261 496
305 495
269 530
235 545
214 549
194 547
171 534
160 510
189 516
208 517
227 513
292 500
230 517
210 520
192 517
