31 214
39 257
52 299
64 340
83 380
115 414
150 445
187 474
226 481
265 471
303 444
337 409
363 369
379 326
386 281
391 234
389 187
47 192
69 173
101 167
133 172
165 182
223 175
254 159
289 150
324 152
354 169
194 224
195 259
197 294
198 328
174 346
188 350
204 353
219 347
234 342
85 229
104 215
129 215
149 236
127 241
102 240
248 230
268 206
294 201
316 213
299 227
273 231
147 384
171 379
190 376
206 379
222 374
246 374
277 374
251 399
228 410
211 413
193 412
173 404
157 386
191 389
208 391
224 388
267 377
226 388
209 391
192 389
