94 354
98 414
105 476
122 532
154 580
201 618
254 652
307 677
351 681
385 666
407 633
428 596
449 559
466 520
480 481
485 440
481 399
193 315
230 295
274 289
316 296
355 314
423 329
445 317
467 315
486 319
494 336
386 376
393 408
400 440
409 472
350 504
369 508
387 511
400 508
411 503
235 366
264 352
293 354
315 379
289 383
259 381
403 387
426 366
452 367
467 384
452 395
427 394
287 564
330 555
366 547
381 551
395 547
410 554
416 563
406 585
391 600
375 603
357 602
324 591
301 566
363 568
378 569
392 567
406 565
392 568
378 572
362 572
