40 274
44 331
55 387
70 439
96 486
135 527
178 561
224 588
267 596
305 587
336 558
366 526
394 488
413 446
427 401
435 354
435 307
107 244
140 229
179 227
216 236
249 254
329 260
355 247
383 242
412 246
434 263
288 307
292 345
295 382
299 420
251 435
269 443
289 450
305 445
320 438
151 298
175 286
203 288
226 310
201 316
172 313
327 316
349 296
376 295
396 309
378 321
352 322
205 490
236 480
265 475
283 482
301 477
319 484
332 497
315 517
297 528
277 530
257 528
232 515
216 491
263 495
281 498
299 496
323 496
298 499
280 501
261 498
