13 224
16 262
22 300
30 339
42 375
62 409
89 439
119 462
153 469
188 463
221 441
251 413
276 379
291 339
301 299
310 256
312 214
24 185
43 174
70 176
94 185
116 197
166 195
192 182
220 171
250 170
276 181
140 232
139 261
138 290
137 319
120 338
130 343
141 346
154 342
166 338
49 229
65 216
90 218
107 239
87 244
63 243
186 237
204 216
229 213
247 226
232 239
208 241
106 392
119 380
135 373
144 377
156 373
176 381
197 392
178 413
159 421
146 422
134 420
119 412
116 393
135 391
145 392
156 391
186 393
157 396
146 397
135 395
