21 322
23 379
32 436
47 490
76 536
118 573
165 602
209 628
250 639
290 634
330 607
370 572
405 531
429 483
444 431
454 375
454 318
59 263
91 245
130 243
168 249
202 264
279 268
315 252
354 244
396 248
428 268
242 318
243 361
244 404
245 448
205 475
225 479
245 483
265 479
285 475
94 309
122 294
153 297
177 325
148 328
116 325
309 328
334 302
365 300
393 315
369 331
337 332
171 541
197 531
223 522
244 529
263 522
288 531
313 541
291 565
267 577
246 578
223 575
198 563
181 542
222 543
244 546
263 543
303 542
265 545
246 548
224 544
