11 206
17 255
28 304
38 349
58 388
90 421
127 446
165 467
204 469
239 459
266 434
291 406
310 376
324 340
334 302
340 263
342 224
66 169
94 152
128 147
163 152
196 166
263 171
284 161
305 158
325 159
339 172
226 215
228 248
231 280
233 312
193 332
209 336
226 341
239 335
252 327
106 212
128 199
154 200
175 222
151 227
125 225
258 224
277 205
301 204
317 218
302 230
278 230
138 372
170 372
200 368
219 373
235 368
252 369
268 369
252 392
234 405
217 409
196 408
167 399
150 375
198 383
218 385
234 381
257 374
235 382
218 386
199 386
