29 262
34 309
44 357
57 403
77 447
103 486
136 520
172 546
215 553
261 546
304 519
340 484
371 444
393 400
405 352
410 302
407 252
40 215
62 195
94 190
127 195
159 207
227 206
259 191
295 184
333 186
363 203
192 254
192 295
192 337
192 378
163 394
179 400
197 405
215 400
233 394
71 256
92 247
118 248
140 266
116 271
90 269
256 264
278 245
305 242
332 252
309 265
281 268
139 455
157 440
178 431
197 437
215 432
241 441
267 455
242 476
217 487
197 488
176 485
157 474
150 454
178 453
197 455
216 453
255 455
216 456
196 458
176 456
