1 246
2 291
11 335
22 379
39 418
63 452
89 484
119 512
158 520
199 512
238 484
270 447
297 406
314 362
323 314
331 264
335 216
18 191
39 178
63 176
88 178
112 190
183 188
211 173
242 169
273 172
300 187
150 240
151 275
153 310
155 344
126 366
142 370
157 374
173 370
189 365
42 239
62 224
88 227
106 249
84 253
58 251
202 248
221 224
248 221
268 234
252 248
225 251
93 414
118 412
142 408
158 411
175 407
200 410
228 410
203 437
178 449
159 452
141 450
118 440
104 418
141 423
158 426
176 423
216 414
176 424
158 427
141 425
