9 223
17 279
27 334
41 387
65 433
103 473
149 505
197 530
243 535
281 523
311 493
337 460
361 422
377 380
390 336
400 288
405 237
73 187
104 163
143 152
185 156
222 172
293 164
321 147
351 143
380 150
398 174
262 223
266 259
270 295
274 331
228 355
248 361
266 366
280 361
292 355
121 231
147 214
175 213
195 235
172 242
144 241
300 232
321 209
348 206
365 224
350 234
324 235
179 424
209 401
240 390
257 395
273 391
292 403
306 422
289 449
270 463
252 466
232 464
205 452
192 423
238 414
257 415
272 414
295 422
270 432
254 434
235 434
