39 221
39 268
41 312
44 355
57 397
79 437
107 474
140 505
178 518
222 518
263 498
300 473
331 441
356 406
373 368
385 329
396 284
71 190
106 177
146 181
183 195
216 212
269 219
301 212
333 212
364 222
385 243
235 247
231 276
226 302
220 329
178 343
195 351
213 359
231 357
248 355
109 231
131 223
156 228
180 249
153 248
128 243
282 263
306 247
330 251
349 268
327 271
304 268
110 379
149 375
185 376
203 381
223 381
252 386
280 394
248 438
216 449
196 450
175 446
141 427
119 384
182 385
201 390
220 390
270 398
220 432
200 433
180 429
