-6 70
-4 113
5 156
16 198
35 235
65 267
96 294
130 317
163 322
195 313
224 289
251 261
275 230
292 194
303 155
309 114
310 71
10 33
36 15
68 13
99 20
127 34
187 31
213 17
241 10
271 11
295 25
160 77
162 112
165 146
167 180
131 196
147 201
164 204
180 200
194 196
42 72
63 60
88 63
108 84
86 87
60 85
204 83
223 61
247 59
267 70
251 82
227 86
105 244
130 235
152 227
164 231
179 226
199 235
218 242
198 260
180 270
163 272
149 271
128 261
115 244
151 244
164 246
179 244
209 243
179 245
163 248
150 246
