42 275
35 309
37 345
46 381
59 416
74 450
91 483
112 510
141 521
178 516
220 495
259 464
292 429
315 389
326 345
331 298
333 252
42 217
54 208
69 205
85 207
100 213
149 207
177 197
207 194
237 200
260 215
123 256
119 284
115 312
111 341
102 364
112 369
123 372
136 368
149 364
56 261
67 246
86 247
101 264
85 268
66 268
171 260
186 241
208 240
227 252
211 260
190 262
97 426
103 411
116 402
126 405
139 402
162 410
189 421
166 444
145 454
130 455
119 454
105 445
105 426
118 418
128 418
141 417
179 422
142 432
129 433
118 431
