59 352
58 398
62 443
72 486
91 528
118 567
151 601
187 631
229 642
276 638
321 614
363 582
398 544
422 499
436 449
442 398
444 347
85 311
107 285
141 274
178 274
211 285
247 284
283 269
323 266
362 278
390 303
227 329
227 361
226 394
225 428
190 449
209 457
228 464
250 457
269 451
118 341
137 330
160 329
181 342
160 347
137 348
283 341
305 325
329 324
351 336
330 343
307 344
154 503
180 487
208 480
229 484
252 480
286 489
318 505
287 542
255 557
229 559
205 556
179 538
164 504
208 494
229 496
253 495
309 506
253 532
229 534
206 531
