-4 288
-5 330
-2 371
5 411
22 449
45 478
74 506
108 531
153 539
200 536
243 515
281 490
317 459
343 422
354 379
356 335
354 289
24 219
42 195
73 184
108 187
136 203
189 203
220 187
256 184
291 193
313 218
162 251
160 285
159 318
158 352
123 375
140 383
158 388
179 384
198 377
56 255
74 241
97 243
117 261
97 263
73 263
213 260
233 241
257 241
277 255
258 262
235 263
106 434
128 426
148 418
161 422
175 417
197 425
224 433
199 449
177 456
162 458
147 456
128 451
117 435
148 434
161 435
175 434
213 434
176 436
162 437
148 435
