60 301
65 352
74 399
87 444
107 484
136 520
168 553
199 585
238 596
281 593
325 568
366 535
400 495
424 448
439 397
450 342
454 283
68 259
92 241
126 242
158 250
188 265
252 258
289 242
329 241
369 247
405 263
223 308
221 347
219 387
217 427
190 442
206 450
222 457
241 452
260 449
105 299
127 290
154 294
175 315
150 317
124 314
286 320
310 301
337 299
362 309
341 322
313 323
165 483
186 480
207 477
225 485
244 481
274 489
306 496
275 522
247 533
224 534
205 528
185 510
176 487
207 495
224 501
245 499
294 497
245 504
224 506
205 499
