80 391
81 441
88 491
96 539
112 586
140 624
181 651
225 671
271 677
316 673
356 654
391 626
415 588
431 544
444 501
455 456
463 409
125 335
154 315
186 310
220 315
248 331
312 330
345 317
381 313
415 324
436 350
283 377
282 408
282 437
281 468
248 503
263 506
278 509
294 507
308 505
158 380
181 368
208 369
229 389
206 395
179 393
332 392
356 373
381 373
400 387
382 397
358 397
215 572
240 552
263 539
276 544
290 540
313 554
333 575
312 589
292 594
277 595
262 594
239 587
226 569
263 561
276 562
290 562
322 572
290 567
277 568
264 567
