60 219
62 271
69 323
80 373
101 417
132 454
173 484
218 505
264 513
305 503
338 475
366 440
389 400
406 357
417 312
427 264
429 215
107 182
135 164
170 161
203 166
232 181
293 180
319 166
351 159
383 161
408 181
264 217
264 252
264 286
265 322
224 345
244 350
264 353
283 349
300 342
142 221
165 211
188 212
210 227
188 231
164 231
309 227
332 212
355 211
374 221
356 232
331 232
208 414
232 402
250 391
263 395
277 391
292 399
311 412
294 424
280 430
265 432
251 431
232 427
218 413
250 406
263 407
277 405
300 411
278 409
265 410
252 409
