23 217
25 261
30 303
36 345
52 386
78 423
110 455
146 480
188 489
229 483
266 463
297 435
321 401
338 363
350 323
362 282
368 238
53 181
78 161
111 154
145 159
175 174
239 176
270 166
303 165
334 176
352 201
205 227
204 260
202 292
201 324
168 346
184 350
199 354
215 351
230 347
86 227
109 215
136 216
155 237
132 242
105 239
253 241
276 224
302 223
319 238
302 249
276 248
141 398
163 385
184 377
198 382
212 379
232 387
253 402
232 416
212 422
197 423
182 421
162 413
152 397
183 396
198 398
212 397
243 400
213 398
199 399
183 396
