58 276
61 327
67 375
75 423
93 468
122 509
157 544
196 573
239 583
281 575
318 547
351 513
381 475
403 432
415 384
425 336
430 284
87 251
116 234
150 231
184 234
216 243
287 241
320 233
354 231
387 234
415 249
252 285
251 321
250 355
249 391
213 410
230 416
248 421
266 417
284 410
122 284
145 272
172 272
195 291
170 297
143 296
304 290
328 271
355 269
377 282
356 295
329 295
175 467
200 454
227 446
246 451
265 446
289 455
314 468
290 499
266 510
245 512
224 510
198 499
185 467
226 459
246 461
265 459
303 469
265 486
246 488
225 487
