115 351
114 394
118 437
128 478
145 517
171 550
205 577
244 597
287 603
330 596
369 574
402 543
428 507
444 467
452 424
454 379
452 336
144 288
165 271
193 265
220 265
245 276
314 273
339 260
369 255
398 261
422 277
281 318
281 348
282 378
282 409
249 434
266 438
284 442
301 437
316 433
173 328
194 318
215 318
235 333
214 335
192 334
329 330
348 314
370 313
390 321
372 329
350 330
207 479
234 467
263 461
284 465
305 460
336 465
363 475
338 511
309 527
286 530
263 528
234 514
215 481
263 477
285 478
306 475
355 478
307 504
286 507
263 506
