2 171
2 213
9 256
20 297
41 334
68 365
97 395
129 419
164 427
198 420
231 397
260 367
287 336
309 301
322 260
329 218
331 176
23 129
46 111
77 107
107 112
133 126
192 125
219 111
250 107
281 110
306 126
162 167
161 202
161 237
160 273
130 291
146 297
161 300
177 296
192 292
46 164
68 151
95 154
114 175
92 178
65 177
213 176
235 153
261 150
282 163
265 176
238 179
97 333
124 332
145 327
160 332
178 328
201 333
228 333
201 353
179 361
161 363
144 362
123 354
106 336
145 341
161 343
179 341
218 336
179 340
161 342
145 341
