40 326
46 378
57 426
70 472
90 517
119 555
153 587
189 612
229 620
270 612
310 587
351 560
387 528
411 486
424 440
433 391
440 340
63 301
90 281
125 274
160 279
194 291
274 295
309 284
346 280
381 288
409 308
232 344
231 378
230 411
228 445
197 468
212 473
228 476
245 473
262 468
107 345
130 332
157 334
179 355
155 358
127 357
289 357
310 337
337 336
360 350
340 360
312 362
158 513
189 509
213 502
228 507
243 503
268 510
298 515
268 537
243 548
227 549
211 548
187 537
170 516
213 520
227 521
243 520
286 517
243 522
227 524
212 522
