109 361
113 412
124 461
138 508
157 551
184 591
217 625
254 654
297 661
343 651
385 623
422 588
452 546
473 502
484 454
490 404
492 352
129 330
154 309
187 302
222 304
255 314
310 309
347 299
385 297
422 302
454 321
286 363
284 400
283 437
282 474
255 499
270 504
286 508
303 503
320 499
168 371
190 360
215 361
237 376
213 382
188 381
343 374
363 358
390 358
413 367
392 378
366 379
229 562
250 547
272 537
289 543
306 537
331 545
356 558
332 579
309 591
290 594
272 592
251 584
239 562
272 559
290 561
308 558
346 558
307 562
289 566
272 565
