74 358
82 401
93 443
107 481
127 515
156 547
187 577
221 605
260 612
300 602
340 577
374 544
403 509
423 471
433 429
441 384
444 337
86 323
110 302
143 297
177 301
208 316
247 311
280 294
319 287
356 293
388 310
226 354
226 392
225 429
223 467
201 478
215 485
231 491
248 482
266 474
120 360
138 344
166 345
187 367
163 375
136 374
280 362
299 338
327 336
350 350
330 365
303 368
183 513
201 510
221 505
239 509
257 502
286 503
321 502
291 528
265 543
244 548
225 546
205 534
194 516
222 521
240 523
259 518
310 506
262 519
243 523
224 521
