93 392
91 437
96 483
104 526
122 569
150 606
183 639
218 670
261 682
308 677
354 652
397 621
435 583
460 538
473 488
480 438
483 386
116 354
138 329
172 321
208 322
240 334
280 334
315 319
356 316
396 325
426 349
257 376
256 411
254 446
253 482
217 496
236 504
257 512
280 505
301 497
148 383
168 373
191 373
212 386
190 389
167 389
314 386
336 372
361 370
384 380
362 387
338 389
180 540
205 530
235 525
259 530
283 525
320 530
356 541
322 584
286 602
259 605
233 601
204 582
191 543
235 539
259 541
284 539
346 544
285 576
259 578
233 575
