58 357
59 402
64 446
73 488
92 528
122 564
156 595
195 623
239 633
285 626
329 601
370 570
404 532
427 487
437 437
441 388
442 338
83 314
105 288
139 278
176 279
209 290
247 287
282 272
321 267
361 276
390 299
228 328
228 362
229 397
229 432
193 451
213 457
233 464
254 456
273 449
119 343
138 333
160 331
181 342
160 346
138 347
283 338
305 324
328 322
351 332
330 338
307 340
155 498
182 486
212 479
235 483
259 477
294 483
329 493
297 532
263 548
236 552
211 549
182 534
166 499
212 493
235 495
260 492
319 495
261 526
236 529
211 527
