97 385
101 430
112 474
124 517
140 557
163 593
194 623
232 647
273 655
315 648
355 625
390 599
416 566
435 528
449 488
459 445
463 399
122 340
147 318
178 313
210 318
238 332
308 332
337 319
370 316
402 324
426 345
269 379
268 409
267 437
266 467
237 494
251 498
265 502
281 500
296 498
155 382
175 366
200 368
220 391
198 395
173 393
323 394
345 372
371 372
391 389
372 398
346 398
213 560
233 537
254 523
263 527
276 525
299 541
321 564
298 582
276 588
262 589
250 587
231 579
223 558
253 546
263 547
276 548
311 562
276 562
263 562
252 561
