50 292
55 340
62 387
71 431
90 472
122 506
160 534
202 556
241 564
278 554
309 525
338 497
361 468
377 433
385 395
389 358
388 319
101 263
130 242
165 232
202 234
234 247
299 254
325 248
352 250
376 261
388 283
264 302
265 333
267 364
269 395
228 414
245 418
262 422
277 419
292 416
143 299
166 289
190 291
211 310
188 312
163 309
301 317
321 301
344 302
361 314
344 323
321 322
170 450
208 447
241 442
259 445
275 442
295 447
313 452
294 485
273 497
256 500
236 499
205 486
179 452
240 456
258 458
274 456
303 455
273 475
256 478
238 478
