69 438
70 490
78 542
92 594
113 641
146 683
184 718
225 746
271 753
317 744
359 716
397 683
428 643
450 599
466 550
476 500
479 448
100 397
129 377
166 373
202 380
235 394
303 396
335 384
372 380
407 385
438 403
268 448
266 483
265 518
264 553
230 579
247 585
266 590
285 586
303 581
143 441
166 431
193 433
214 453
190 456
163 454
325 455
347 437
374 436
399 449
377 460
349 460
207 640
229 627
252 617
266 624
281 619
303 629
324 643
303 663
282 674
266 677
249 673
228 661
218 640
251 639
266 642
282 640
313 642
281 642
266 645
251 642
