70 174
71 217
77 258
88 299
106 336
130 368
158 397
192 422
230 431
270 426
309 405
342 374
369 339
390 299
400 256
403 212
402 168
87 134
108 118
137 114
166 115
194 125
259 122
291 111
325 108
358 114
382 134
229 164
229 201
229 238
230 275
195 280
212 287
231 294
252 287
271 280
120 168
140 160
161 160
181 175
160 175
139 173
285 174
304 159
325 158
346 167
327 173
305 174
156 311
187 316
214 314
233 318
250 314
278 316
311 313
277 338
249 348
231 349
210 346
186 335
167 315
213 325
233 328
250 326
299 317
249 327
231 328
212 326
