72 170
71 213
74 256
81 301
92 343
112 380
145 410
184 430
228 438
274 433
320 418
359 391
385 353
403 311
415 266
424 220
428 172
92 123
112 102
141 95
171 99
198 114
263 113
294 97
330 95
364 104
388 128
228 158
226 188
223 218
220 249
196 278
209 283
224 288
241 284
257 280
125 163
144 152
166 153
185 170
164 173
141 172
282 172
303 157
325 156
344 166
326 176
303 176
164 326
189 326
211 324
226 328
240 325
268 327
306 325
270 339
241 344
226 344
210 343
190 339
172 328
211 335
226 338
240 336
298 326
241 334
226 335
211 333
