94 179
90 217
91 257
96 297
106 336
125 371
154 402
187 428
226 439
272 437
319 418
364 392
400 357
422 316
432 271
441 224
444 176
105 135
121 116
148 107
176 108
204 118
256 119
289 106
327 105
361 115
388 136
227 157
224 183
221 208
217 235
196 267
209 273
224 277
241 273
258 267
131 170
147 159
169 157
191 170
168 174
146 174
282 168
305 155
329 155
352 165
329 172
304 171
166 331
183 316
205 305
225 311
242 305
268 315
296 333
268 349
241 357
223 358
202 357
182 350
175 332
205 327
225 329
243 328
284 333
242 331
223 333
203 331
