35 132
39 183
47 232
58 280
79 324
110 363
149 394
192 416
233 420
270 408
305 382
336 350
359 315
376 276
386 233
393 190
393 145
80 103
111 92
145 93
176 101
204 116
268 113
291 101
317 93
345 90
372 98
234 157
236 194
237 231
239 267
205 282
220 287
235 291
249 285
263 278
117 156
138 145
163 147
182 167
159 173
135 170
280 165
298 144
322 140
342 150
326 165
302 168
168 328
196 324
219 320
234 323
250 317
268 320
290 322
269 345
252 356
235 359
218 359
195 352
179 330
219 335
235 337
251 332
281 325
252 332
235 337
219 336
