53 226
59 282
70 336
86 388
113 434
146 469
187 495
232 511
276 512
318 504
351 479
382 440
407 397
425 350
436 301
439 250
435 198
102 159
131 130
171 117
215 118
255 134
312 135
345 122
381 118
413 128
432 159
289 189
291 221
293 253
296 286
248 330
269 332
291 333
310 331
330 327
142 195
167 180
196 179
224 200
196 206
166 206
329 200
351 179
380 178
401 192
382 204
353 204
203 402
240 391
273 380
291 385
308 380
327 390
350 403
326 420
307 428
288 431
268 430
239 422
217 403
271 403
290 404
307 403
337 404
306 400
289 402
270 401
