24 212
34 259
48 306
62 348
89 384
130 412
179 428
228 435
269 430
301 413
323 382
343 347
359 309
368 268
374 228
372 189
364 149
65 156
91 133
124 121
161 118
195 126
246 113
267 95
293 86
320 83
342 94
231 158
240 191
250 223
258 257
215 277
236 280
256 283
271 275
282 266
109 184
129 168
153 165
176 178
155 185
131 188
265 161
281 139
304 133
323 141
310 154
288 159
166 319
201 311
234 303
253 305
272 298
292 299
312 301
296 333
278 350
258 357
237 358
204 351
176 321
235 315
256 315
274 309
302 307
274 332
255 339
235 340
