72 144
76 190
85 233
99 274
119 310
148 341
177 371
203 400
234 411
269 406
304 383
341 352
371 317
393 277
407 234
417 186
423 136
87 118
114 114
143 126
167 138
193 147
264 153
289 142
317 130
348 118
383 119
225 175
224 207
224 240
223 272
196 282
210 289
228 296
246 289
264 282
118 156
136 149
160 151
181 168
157 170
133 168
280 167
298 151
323 149
346 155
326 168
301 169
173 314
195 323
214 321
229 326
242 321
266 325
295 322
267 345
244 353
229 354
213 350
194 338
182 320
214 329
229 332
243 330
287 326
243 332
229 333
214 330
