97 163
95 207
97 248
107 291
125 330
152 365
178 398
202 434
238 451
280 448
326 430
371 405
413 374
443 331
456 279
460 223
462 165
107 130
120 112
143 107
168 110
191 122
248 121
282 106
321 103
358 112
391 131
216 166
212 199
207 233
202 266
183 279
197 287
214 294
235 288
256 282
133 164
149 155
170 157
189 173
168 172
148 169
276 171
297 156
320 154
344 164
322 170
298 171
163 312
181 308
202 308
222 313
243 311
282 314
330 321
286 358
247 370
224 370
202 364
182 346
174 316
202 320
222 324
244 324
320 322
246 352
224 351
203 345
