96 167
96 211
99 254
109 297
129 336
157 369
183 401
207 436
241 452
282 450
326 431
371 408
414 376
444 335
458 283
461 227
463 170
106 130
119 112
143 106
169 109
194 120
250 120
283 106
322 103
358 111
391 130
219 165
214 199
209 233
204 267
185 280
199 288
216 295
237 289
259 283
133 163
149 155
170 156
190 172
168 173
147 170
277 171
298 155
322 154
346 164
324 170
299 172
161 312
182 310
204 310
223 314
244 312
283 316
331 322
287 360
248 371
225 372
204 366
183 348
173 316
205 320
224 325
245 324
321 324
247 353
225 353
205 347
