42 151
48 202
56 250
68 295
89 337
120 372
153 404
189 431
226 439
261 427
292 396
321 364
351 331
373 293
385 252
395 208
401 163
81 130
110 114
143 111
175 118
206 130
271 132
300 122
329 114
360 116
383 135
236 172
235 206
234 239
233 272
199 282
216 286
233 290
248 284
264 279
119 168
142 161
164 163
183 179
162 177
139 174
284 179
302 162
324 160
346 168
327 173
306 176
143 313
179 311
212 308
231 311
251 307
280 308
312 307
282 349
253 370
231 375
210 373
177 355
154 317
212 321
231 323
251 319
300 313
253 348
232 353
212 351
