60 147
67 195
73 241
83 287
101 327
129 364
162 394
196 417
234 424
273 416
305 392
334 362
360 328
378 291
387 251
390 210
392 166
83 130
111 116
143 116
175 122
203 136
266 139
297 129
327 123
358 124
383 139
235 175
234 211
232 248
231 284
192 286
211 294
231 302
250 294
268 287
116 163
138 153
162 158
183 177
160 175
136 172
283 180
304 162
327 161
347 171
329 178
306 180
148 306
181 311
212 313
231 317
253 313
280 311
310 308
281 341
253 357
231 360
210 357
180 342
159 311
211 323
231 325
252 322
298 312
253 340
231 343
211 339
