94 152
95 194
101 237
107 280
117 323
134 365
156 401
185 429
224 439
266 433
305 412
343 385
374 351
396 309
410 261
422 213
429 162
101 114
120 97
147 97
174 105
199 119
259 121
289 107
322 100
355 102
382 121
228 160
225 190
221 219
218 249
197 274
210 277
223 281
240 278
257 274
126 158
143 143
169 146
190 171
165 174
139 171
282 171
301 146
328 144
349 160
331 172
304 174
155 330
178 317
202 309
221 313
239 309
266 316
296 329
268 356
241 369
221 371
201 369
177 356
166 332
202 328
221 330
239 328
284 331
240 347
221 350
202 348
