74 150
72 192
77 234
86 274
101 313
123 352
153 387
187 413
226 423
265 417
301 395
331 364
355 326
375 288
387 245
393 200
394 156
93 122
113 103
143 98
172 102
200 113
261 112
290 101
322 97
353 103
377 121
230 158
230 191
229 225
228 259
194 274
210 280
228 285
245 281
262 276
122 155
142 145
165 146
185 165
163 168
140 166
279 165
299 146
323 144
343 154
326 165
301 167
170 327
192 318
214 311
228 317
244 313
268 322
294 332
268 350
244 357
227 358
211 355
190 346
180 328
213 329
228 332
245 330
284 332
244 333
227 333
212 331
