21 139
21 192
29 245
40 295
64 341
99 380
141 413
187 439
234 441
272 422
301 383
327 348
353 311
371 272
379 233
381 193
378 156
75 138
112 124
152 122
191 131
225 145
282 150
303 139
326 128
350 118
369 123
250 170
252 210
255 250
258 289
203 294
225 300
248 306
268 297
284 286
115 165
138 153
164 156
188 176
163 176
136 175
282 170
301 149
325 146
343 153
328 165
305 169
137 319
178 319
217 317
239 320
260 314
282 309
304 303
284 347
262 371
239 379
214 380
175 365
147 322
216 328
239 329
259 323
293 311
262 349
240 356
216 357
