67 208
68 262
73 316
81 368
97 416
127 456
169 487
216 507
267 513
316 506
360 485
400 457
432 419
453 372
466 321
477 269
485 217
109 148
139 120
179 110
221 114
260 128
311 126
349 112
390 111
426 123
449 152
283 184
282 216
281 247
280 279
239 319
257 322
276 326
294 324
311 322
146 193
173 177
205 177
228 201
202 208
170 207
331 201
359 179
389 178
409 195
390 208
360 208
199 402
226 374
255 358
272 364
290 359
317 376
343 402
315 420
288 428
268 429
250 428
223 421
212 399
254 384
271 385
289 385
330 400
288 399
269 401
253 401
