108 175
99 213
98 255
106 295
115 336
131 373
154 406
182 433
222 442
270 441
321 430
367 408
405 377
430 336
445 290
453 240
458 189
114 127
128 106
154 101
178 104
200 116
260 114
292 102
325 102
358 111
382 132
227 161
222 194
216 226
210 258
186 278
199 284
214 290
234 285
254 281
134 163
149 148
171 153
191 174
169 173
146 171
280 173
299 151
324 152
346 166
326 173
301 174
162 321
178 310
200 307
217 312
239 308
274 316
312 329
275 362
239 374
216 375
197 372
177 356
171 325
199 322
216 324
238 323
304 330
239 352
217 353
200 349
