27 173
27 219
34 261
47 301
67 338
98 371
132 400
170 426
207 435
242 428
275 402
310 376
343 342
368 306
383 264
389 219
387 173
71 142
98 117
136 110
173 114
208 127
273 127
302 116
331 109
361 110
382 128
241 164
244 200
247 235
250 271
206 283
224 290
242 296
259 291
274 284
114 172
138 159
162 158
186 176
162 178
136 179
280 170
302 150
326 148
346 159
328 168
304 170
143 311
183 314
214 316
232 320
252 319
274 321
301 320
270 340
246 348
225 350
205 347
176 335
156 314
213 326
232 329
252 328
289 323
247 330
227 331
207 329
