92 180
90 219
95 255
107 292
125 326
152 357
179 388
208 418
243 428
284 423
324 401
360 374
390 341
412 304
419 261
424 218
424 172
93 132
110 111
137 103
166 106
193 118
249 123
283 109
321 105
358 114
386 138
221 163
219 199
217 234
215 270
188 284
204 290
222 295
243 290
263 285
122 167
139 153
161 154
182 175
160 175
137 174
279 175
300 156
324 154
347 168
326 175
301 175
165 315
187 316
209 313
228 317
245 313
279 315
318 314
283 341
252 353
233 354
213 351
191 338
177 319
210 326
229 329
247 327
308 317
250 330
231 331
212 327
