87 166
84 211
89 255
101 298
118 340
139 382
166 422
197 454
236 468
278 464
318 439
351 405
379 362
399 315
413 267
423 215
428 161
99 115
116 98
143 93
173 97
198 109
264 110
293 96
329 92
363 101
387 124
227 151
224 180
220 209
216 239
197 266
210 271
223 274
238 272
254 270
126 158
144 144
167 144
189 161
166 164
143 165
277 162
300 146
325 146
346 159
326 167
299 166
182 336
191 313
209 304
225 310
240 306
268 319
290 344
270 384
244 400
226 399
209 394
191 373
190 336
209 319
225 321
240 322
280 343
242 370
227 370
210 365
