74 202
75 258
82 314
93 367
116 417
147 459
185 496
228 526
277 531
322 515
355 473
389 430
423 388
450 343
464 295
468 244
467 193
105 151
137 129
178 125
219 131
255 147
305 148
340 133
377 122
413 121
443 141
282 193
283 238
285 283
286 328
240 344
260 351
282 359
304 350
324 341
143 192
170 179
203 180
230 202
201 208
168 208
333 198
359 175
391 173
415 186
395 204
362 204
178 384
218 391
255 391
280 397
306 391
337 390
370 381
338 432
306 453
278 458
250 454
214 434
192 391
254 406
280 410
307 406
355 390
306 420
279 425
252 422
