92 179
90 218
95 255
107 291
124 326
150 357
178 387
206 417
242 427
284 423
324 401
359 373
390 341
411 304
419 261
424 217
425 172
93 131
110 111
137 103
165 106
192 118
249 124
282 110
319 106
356 114
384 136
220 163
219 199
218 234
216 269
189 283
204 290
223 295
243 289
263 284
122 167
139 153
161 154
182 175
160 176
137 174
278 176
300 156
323 154
347 168
325 175
300 176
166 315
188 316
210 313
229 318
246 313
279 315
318 315
283 341
252 353
233 355
213 351
192 338
178 319
210 326
229 329
247 327
308 317
250 329
232 331
213 327
