202 552
205 672
216 791
245 905
304 1007
393 1097
488 1184
591 1266
711 1296
834 1279
942 1211
1039 1129
1122 1031
1180 917
1202 789
1205 657
1197 525
269 397
324 344
404 325
488 336
557 377
763 385
839 345
929 339
1017 362
1087 411
663 491
663 590
664 688
664 788
570 826
620 844
673 862
729 845
783 832
364 497
420 467
482 473
537 522
476 522
415 515
816 525
876 476
940 470
1000 501
947 518
882 524
434 914
530 915
616 916
679 931
748 923
846 929
952 935
852 1045
755 1084
683 1088
614 1076
527 1025
462 929
616 952
680 962
749 957
926 944
751 1026
680 1029
614 1018
