75 179
76 235
86 288
102 337
128 383
160 426
196 464
238 493
283 500
328 490
370 460
407 420
437 375
456 325
468 272
476 219
477 164
108 131
140 116
175 118
209 123
241 136
308 139
342 126
379 119
417 119
448 139
277 187
277 230
278 271
278 313
241 335
259 340
279 346
298 340
317 334
143 182
166 170
194 174
218 197
190 200
162 197
335 196
356 173
386 172
410 185
389 199
360 201
213 394
235 380
260 371
280 378
298 371
324 381
348 396
326 427
301 441
281 443
259 440
234 425
225 396
259 397
280 398
298 397
336 397
299 404
280 406
260 403
