89 158
84 197
87 236
98 276
117 311
143 343
169 374
194 404
226 418
262 416
297 398
330 374
362 346
388 310
401 266
408 220
409 174
98 124
120 113
148 117
174 127
198 140
260 142
290 130
323 125
356 128
383 142
225 169
223 207
220 246
217 284
187 287
203 297
222 304
243 298
262 291
122 153
142 142
167 146
186 170
163 168
139 166
280 174
301 152
326 150
350 162
329 172
303 174
165 309
188 320
210 323
227 329
246 325
275 326
310 319
276 347
246 358
226 359
208 355
187 338
175 316
210 333
227 338
246 336
300 323
245 337
226 338
209 333
