96 168
95 212
98 253
108 295
127 333
155 366
180 398
203 433
238 449
279 448
325 430
371 406
413 375
443 333
457 281
461 226
464 169
105 128
119 111
142 106
167 109
191 120
248 120
282 105
321 103
358 112
391 130
216 165
212 199
207 232
202 265
183 279
197 287
214 294
235 288
257 282
132 163
149 155
170 156
189 173
167 172
147 170
276 171
296 155
320 154
345 164
322 170
298 172
161 312
180 309
202 309
221 313
242 311
282 315
330 321
286 358
247 369
224 370
203 364
181 346
173 316
202 320
222 325
243 324
320 323
245 351
224 351
203 345
