90 174
86 216
88 258
91 301
103 341
126 374
156 402
190 429
232 442
281 439
329 423
374 401
409 369
430 327
439 279
447 231
452 181
107 115
123 95
148 88
175 91
199 105
262 107
294 93
331 90
367 101
394 125
224 157
219 188
213 217
207 248
189 276
202 281
217 285
235 281
255 277
134 161
150 145
173 147
192 169
170 172
147 170
285 168
305 146
331 146
354 163
332 172
306 173
174 332
191 322
208 315
222 319
236 315
264 323
298 334
267 348
240 354
225 355
210 353
193 345
185 332
208 333
223 335
236 333
285 334
238 334
225 335
210 332
