54 143
54 193
60 242
70 287
89 330
118 368
151 404
188 434
229 445
271 435
307 405
338 371
367 335
386 295
394 253
399 209
400 163
84 128
114 118
145 120
175 130
202 142
269 143
295 134
323 127
350 125
375 133
235 170
235 206
234 241
234 276
198 287
215 295
234 301
251 294
267 286
120 159
142 148
165 150
184 170
162 169
140 167
282 170
300 151
322 149
342 161
324 168
303 169
165 320
190 318
216 318
234 323
252 319
278 318
305 318
279 356
254 374
234 377
215 374
189 355
174 323
216 327
234 330
252 327
296 321
253 353
234 356
217 353
