94 134
93 183
98 227
111 268
130 306
156 341
181 373
205 407
234 424
269 420
310 399
352 370
391 338
418 297
435 251
447 203
453 150
108 102
136 98
165 110
190 124
216 136
283 145
311 135
341 130
373 124
404 129
240 167
232 201
224 236
215 273
193 283
207 291
224 298
243 292
263 286
133 146
152 140
175 145
198 162
171 162
148 159
297 168
316 151
341 150
366 157
343 169
318 170
182 321
197 326
213 325
229 331
244 327
271 331
304 328
275 352
248 361
231 362
214 358
198 343
191 328
213 334
229 337
245 336
293 332
248 337
231 337
215 334
