86 173
83 215
83 256
87 297
101 337
121 373
145 406
174 439
213 452
255 446
299 422
338 393
372 357
394 316
402 270
408 222
411 172
93 133
111 114
140 109
168 114
196 128
262 130
292 117
326 113
359 117
385 136
224 167
221 205
218 241
215 278
186 281
200 292
217 301
238 294
258 286
121 161
142 150
165 153
185 173
161 172
138 169
280 176
301 158
326 156
347 169
328 177
302 178
156 307
179 308
204 309
224 313
245 310
281 313
320 316
281 359
243 375
221 376
199 372
176 351
167 312
203 320
223 324
244 322
310 319
244 354
223 355
201 351
