102 183
98 222
100 261
111 298
131 331
157 360
188 387
218 413
252 426
291 429
334 416
374 393
408 361
433 320
450 274
459 223
462 170
106 124
117 105
139 98
164 99
188 108
260 108
297 95
337 92
374 106
401 131
220 157
216 187
212 218
207 248
187 273
201 279
217 282
236 279
254 274
131 164
146 153
169 152
189 169
168 172
145 172
282 167
305 152
331 151
356 164
333 171
306 170
172 329
186 320
203 312
219 317
233 312
264 320
298 329
268 352
241 361
224 361
208 358
190 348
181 331
205 332
221 334
236 333
286 329
237 335
222 336
206 333
