49 339
49 383
53 428
60 474
78 517
108 553
142 587
179 617
223 629
270 620
316 595
360 566
396 530
419 489
429 441
434 393
436 344
70 286
93 264
125 257
158 261
187 273
248 271
282 257
317 255
351 263
379 285
214 313
212 348
209 382
207 417
178 437
194 444
211 450
230 444
249 439
101 322
123 310
147 313
166 329
145 330
121 329
274 329
295 312
319 311
342 322
321 328
298 330
139 480
165 474
193 471
215 475
240 470
275 472
312 481
280 524
245 542
218 545
193 541
165 521
150 484
193 485
216 487
241 483
302 485
243 520
217 522
193 518
