31 300
34 351
41 405
53 456
74 501
109 537
156 565
208 584
259 590
306 580
346 554
378 517
402 475
418 429
427 382
431 335
431 288
94 235
122 217
155 208
189 211
219 225
306 225
331 212
358 209
384 215
404 233
265 279
267 308
270 338
271 368
232 401
249 405
267 409
282 405
297 400
132 285
156 272
181 273
202 291
179 296
154 295
310 290
329 271
353 270
373 282
356 292
332 294
192 472
222 453
249 443
267 447
283 442
305 453
328 470
307 490
286 499
268 501
249 499
222 491
204 471
249 465
266 466
283 465
317 471
284 469
268 471
250 470
