-5 202
0 261
8 317
21 370
41 422
73 466
116 499
164 525
217 529
267 521
311 495
346 459
374 416
390 366
400 313
408 258
414 202
41 179
74 160
115 158
155 167
192 183
252 182
288 167
326 157
364 160
391 184
222 232
223 263
223 292
225 323
188 355
206 359
226 363
244 359
260 354
86 224
111 210
143 212
168 236
140 241
109 239
272 236
296 212
327 209
349 224
330 238
300 240
152 423
183 403
209 391
227 398
245 391
268 402
292 420
268 439
246 448
226 450
207 449
182 440
167 422
209 416
227 419
245 416
279 420
244 421
226 423
208 421
