62 336
67 382
78 426
89 468
106 509
136 546
170 580
206 610
245 619
285 610
324 584
358 550
387 511
405 468
414 423
421 376
423 330
79 321
102 302
133 298
165 304
197 315
256 311
289 297
323 290
358 294
386 311
225 360
225 395
224 431
224 465
197 480
212 485
227 489
244 484
260 480
115 358
135 345
160 347
180 369
158 372
133 370
279 367
298 344
324 340
346 353
328 366
303 369
170 518
195 515
215 512
230 516
247 511
271 513
300 514
274 537
251 548
232 550
215 549
195 539
180 520
215 526
230 528
248 525
289 517
249 525
232 528
215 525
