56 295
57 340
63 386
75 431
89 474
112 513
144 547
181 573
223 579
270 572
318 551
364 522
401 486
424 441
438 389
446 335
453 280
61 242
78 222
105 218
134 222
161 233
227 226
265 213
304 208
343 214
375 234
195 278
193 308
190 338
187 368
168 403
180 407
194 409
210 405
227 401
95 289
112 277
135 276
156 292
134 297
111 297
257 287
277 270
302 270
327 281
305 290
280 291
152 471
168 452
185 440
199 444
214 439
240 449
269 466
243 485
219 495
202 496
186 495
170 487
162 470
186 463
200 464
216 462
257 466
216 465
201 466
186 465
