31 328
38 375
48 421
62 465
83 505
114 541
153 571
197 594
247 597
297 585
343 561
384 528
413 486
428 437
435 385
435 334
433 283
61 264
82 237
115 222
152 219
187 230
250 222
282 204
319 199
356 208
386 229
220 278
222 311
224 343
227 375
195 410
213 413
232 415
249 410
267 404
108 302
129 287
154 285
177 299
155 305
130 307
277 291
298 272
323 270
348 281
327 289
301 293
152 468
186 458
215 449
232 452
250 446
279 450
316 457
283 479
256 491
236 495
217 495
189 487
165 469
216 469
234 470
252 466
302 459
253 467
234 471
216 471
