59 359
58 407
65 453
76 499
92 541
117 577
152 605
191 624
236 627
283 615
331 589
373 558
406 518
422 472
431 422
437 371
439 320
64 291
83 266
111 256
142 258
171 270
242 265
276 246
315 238
354 245
386 269
209 320
208 352
207 383
205 414
182 452
196 454
211 455
228 451
245 447
101 337
119 324
143 322
166 336
143 339
120 341
267 327
291 311
315 309
340 318
318 326
292 328
155 516
174 496
197 482
214 486
230 480
261 490
294 505
265 527
237 538
218 541
200 541
178 535
167 516
198 510
215 510
232 508
281 505
233 509
216 511
199 512
