21 319
25 364
34 408
47 449
68 485
94 514
124 536
157 554
194 555
230 544
263 519
293 488
318 450
333 408
340 363
344 316
345 268
39 279
59 266
85 262
111 264
136 274
189 270
214 254
243 244
275 242
302 256
164 309
165 342
167 375
169 408
144 426
158 431
174 434
189 427
205 420
67 312
84 298
106 299
124 318
105 322
83 322
212 311
227 289
250 285
269 295
254 308
232 312
127 480
145 471
164 465
179 468
193 461
213 463
237 463
217 484
198 495
182 499
166 499
147 495
135 480
164 478
179 479
194 475
229 465
195 474
180 479
165 479
