50 300
56 351
70 400
83 444
101 486
128 524
162 555
197 581
236 588
273 578
305 549
336 515
363 480
381 440
391 396
401 352
406 304
77 299
105 283
139 280
173 283
204 296
266 296
297 286
328 281
359 283
383 297
235 337
236 372
237 406
238 441
206 456
222 461
237 466
253 460
267 454
117 330
139 317
166 320
186 342
163 346
136 344
284 340
304 318
330 316
350 328
333 341
308 344
181 499
205 494
226 489
238 493
253 489
272 494
294 497
272 520
253 530
238 533
223 532
203 522
193 501
226 503
238 505
253 503
284 499
253 506
238 509
224 507
