18 273
20 333
27 391
38 445
57 495
89 539
129 577
175 606
223 615
268 609
306 580
336 542
362 500
383 454
399 406
413 354
419 301
67 219
101 197
144 192
186 201
225 219
300 230
332 220
365 217
398 222
418 247
258 290
258 333
259 375
259 418
208 437
230 444
252 451
271 447
290 441
108 281
135 270
165 273
190 296
160 299
130 296
306 306
331 286
359 286
381 301
360 313
331 312
169 505
198 491
227 480
249 488
268 482
288 493
305 512
285 533
263 545
243 548
220 545
193 532
183 505
225 505
247 509
266 507
292 510
265 509
246 511
224 508
