22 262
28 309
37 357
50 404
67 448
94 487
126 523
162 554
202 566
244 559
282 532
314 497
342 458
359 416
370 369
380 320
384 272
57 241
83 225
115 220
148 225
179 238
236 237
265 222
297 217
329 220
355 236
208 277
208 312
209 346
210 381
178 400
193 405
208 409
223 403
238 398
93 277
112 267
137 268
158 286
133 292
109 290
255 287
274 269
299 266
321 278
303 290
278 291
148 460
171 448
193 440
209 444
226 438
248 445
269 459
249 480
227 493
210 496
191 494
170 482
161 461
192 459
209 460
226 458
259 460
227 465
210 468
193 466
