67 363
73 408
83 451
97 493
118 529
144 560
175 587
211 608
249 614
287 603
323 580
354 551
377 514
390 474
397 429
400 382
399 335
83 297
102 279
129 271
156 272
181 282
252 274
279 259
310 253
340 256
366 271
221 328
221 356
221 385
222 414
201 443
215 446
229 448
243 443
258 439
116 342
133 325
156 325
176 342
156 349
133 350
274 335
291 313
316 311
337 323
320 335
296 338
184 512
198 489
219 478
234 481
250 476
274 485
297 502
278 528
256 539
239 542
222 541
202 532
195 510
220 497
235 497
251 496
286 503
253 513
236 515
221 514
