96 243
94 297
100 353
114 407
138 455
169 497
203 534
242 562
284 572
323 563
356 534
387 497
416 454
440 406
461 359
476 307
483 254
131 193
163 180
198 178
232 183
263 197
347 202
379 191
411 189
443 194
466 214
304 255
303 294
303 334
302 374
264 397
282 402
299 407
316 404
332 399
162 246
188 233
217 238
239 261
213 265
183 262
356 265
379 243
407 242
430 256
410 270
381 270
227 462
255 448
281 437
297 442
314 438
335 450
354 466
334 493
313 504
295 506
277 503
251 489
240 463
280 460
296 462
313 461
342 468
313 471
296 472
279 470
