70 323
73 370
79 417
86 462
102 501
125 535
158 559
197 578
242 584
286 577
326 557
358 530
382 497
397 458
405 416
406 374
403 331
106 274
128 250
160 240
195 243
227 256
288 256
315 245
344 244
371 253
386 276
255 298
255 327
255 356
255 386
225 416
240 419
255 421
269 419
284 416
140 302
159 287
183 288
203 310
182 312
158 310
300 311
317 288
340 287
358 302
342 311
320 312
193 472
219 456
242 447
256 452
268 448
286 458
306 474
284 483
265 487
252 489
237 488
216 483
202 470
241 464
255 466
268 465
297 473
266 467
253 468
239 466
