59 398
63 453
74 507
91 556
118 600
153 639
195 669
244 689
290 691
329 679
359 648
383 611
402 570
418 527
432 482
441 436
442 389
128 341
159 320
197 311
236 316
270 332
336 332
364 315
396 306
427 312
443 336
310 384
315 423
320 462
326 501
278 526
297 531
315 536
329 531
341 522
166 383
192 368
219 369
243 389
218 394
189 393
343 387
367 367
393 365
412 378
395 391
369 392
233 592
263 578
290 569
308 573
323 567
338 574
349 585
338 605
324 617
306 621
287 621
261 613
245 592
289 587
307 588
323 584
339 587
323 591
307 595
289 594
