74 319
78 367
87 413
95 459
111 502
137 537
171 568
210 593
252 603
295 596
336 574
373 544
400 507
417 463
428 416
440 369
449 320
104 270
126 249
158 239
192 240
222 253
293 256
323 243
357 243
390 252
416 272
257 301
256 332
255 363
254 394
223 420
238 425
254 429
270 426
287 422
139 306
160 291
186 292
207 313
184 315
158 314
308 315
330 295
355 295
377 311
356 319
331 319
187 475
210 460
237 453
253 456
270 454
296 464
323 480
297 512
270 523
251 524
233 521
208 508
195 476
236 467
252 468
269 468
313 481
269 500
252 501
235 498
