-2 305
3 357
12 407
27 454
52 494
85 528
121 558
157 581
192 587
227 580
261 557
292 527
321 492
344 451
359 406
373 356
380 306
33 244
63 229
98 226
134 229
167 242
247 244
278 231
312 225
346 229
371 249
205 303
205 341
205 380
205 419
168 441
186 445
203 450
220 446
237 440
69 302
95 290
123 291
145 312
118 316
90 313
260 311
282 290
310 288
334 299
313 313
284 315
127 492
154 486
180 479
197 484
213 479
234 486
258 496
234 517
213 528
196 530
177 528
153 516
139 494
179 499
197 502
213 500
247 497
213 499
197 501
179 499
