36 338
37 389
45 440
59 489
78 535
107 575
145 608
189 631
233 637
275 628
314 602
345 568
370 529
387 488
399 444
407 397
406 350
93 282
118 266
147 261
177 266
202 281
279 288
302 277
330 276
356 282
377 300
241 325
243 358
245 391
247 425
209 450
225 456
242 462
258 459
273 454
120 328
141 317
165 318
188 335
163 339
139 338
290 342
311 328
336 328
356 341
336 348
311 347
169 516
194 500
219 493
238 499
254 496
276 506
296 525
274 550
251 561
233 562
212 559
189 546
178 517
217 510
237 513
253 513
286 525
252 529
235 530
215 527
