35 281
43 326
54 368
65 409
85 447
113 479
147 507
185 528
225 531
263 518
295 489
322 456
344 421
357 382
363 340
366 298
364 254
53 246
74 227
103 218
134 219
163 229
233 224
260 212
289 206
319 211
343 227
203 277
206 310
210 342
213 375
183 394
198 397
213 400
227 395
240 390
91 286
111 274
134 274
156 290
133 293
110 294
249 285
268 267
291 264
312 273
295 284
271 286
145 440
172 434
198 428
214 431
228 425
251 427
279 428
254 455
232 469
216 472
199 472
173 464
154 441
198 441
214 442
229 439
270 431
230 448
215 452
198 452
