24 270
25 318
31 367
42 415
61 460
92 499
134 530
181 550
225 555
262 545
296 519
323 484
344 446
359 404
371 363
379 321
380 278
90 220
119 202
153 196
188 202
219 216
281 218
306 206
333 201
359 207
374 228
250 267
252 301
254 335
256 369
217 394
233 399
248 403
261 399
273 393
125 263
147 251
172 254
190 273
168 275
144 274
285 276
303 257
326 256
342 269
328 279
305 280
178 452
208 439
234 431
247 435
260 430
275 438
289 450
273 467
258 477
243 480
229 479
205 470
189 452
232 449
245 450
259 448
279 450
259 451
245 453
231 452
