4 274
7 320
15 365
26 409
43 449
69 486
98 521
133 549
173 558
213 551
250 524
281 489
306 451
326 410
334 364
340 316
341 269
13 220
30 195
62 187
94 190
123 205
193 206
225 191
262 188
297 197
323 218
157 263
156 304
155 345
155 386
122 402
139 410
158 417
178 410
197 402
46 268
65 254
92 256
114 276
90 280
63 280
212 277
236 257
263 257
285 270
265 282
236 283
98 450
124 449
147 446
161 451
178 445
203 449
232 446
205 473
181 485
163 488
146 486
124 475
109 454
146 463
162 465
179 462
221 450
180 463
163 466
146 463
