36 255
34 297
42 338
54 377
68 415
86 452
109 484
136 509
171 517
208 512
243 488
273 457
296 420
314 379
327 335
337 290
340 243
42 210
63 199
88 200
112 208
134 219
198 221
224 207
254 198
285 199
313 213
166 258
164 294
163 330
160 365
137 383
150 387
163 392
179 389
193 386
66 250
84 239
107 242
126 264
103 266
80 264
212 266
232 245
257 242
279 253
261 267
235 269
112 432
131 430
148 427
163 433
176 429
198 435
226 437
199 457
177 465
162 466
146 462
130 452
120 435
148 440
163 444
177 443
216 438
176 441
162 442
147 439
