45 163
48 211
53 258
60 304
71 351
97 391
135 420
180 438
226 441
268 433
301 409
330 377
352 340
370 300
382 259
390 217
389 172
84 120
108 100
139 95
170 99
200 110
268 107
296 97
325 94
353 99
372 119
235 157
235 191
236 223
236 257
199 279
217 283
233 287
249 284
265 280
117 160
138 146
163 148
186 168
163 171
137 171
280 169
300 148
325 147
343 161
328 171
303 173
163 327
190 319
217 313
232 317
248 314
272 320
294 327
273 360
249 374
231 376
214 374
187 361
172 329
216 324
232 325
248 324
285 330
248 352
231 355
215 353
