116 160
111 200
114 240
125 279
137 319
152 357
173 393
198 426
233 441
278 442
326 422
370 394
407 359
435 316
455 267
466 212
471 158
114 94
128 80
150 81
172 89
194 103
258 99
292 85
330 81
367 89
396 111
223 154
218 186
213 217
207 249
191 273
202 279
216 283
233 280
252 276
134 153
148 142
170 145
190 164
167 167
145 165
283 165
301 147
327 147
351 160
329 170
303 170
182 331
190 318
206 311
221 316
235 312
264 322
295 339
267 365
239 375
222 375
206 370
192 355
190 334
206 333
221 335
236 335
285 339
237 345
222 344
207 340
