-14 162
-13 216
-8 272
7 324
40 367
85 400
133 425
184 442
226 444
258 432
278 402
297 367
313 328
327 286
338 246
340 203
333 163
72 109
106 93
144 87
181 90
218 102
268 102
288 91
310 86
330 87
340 103
243 151
249 182
256 214
264 246
216 277
233 280
248 282
261 279
272 272
112 153
137 140
163 142
184 161
160 165
134 165
267 160
286 139
309 138
324 150
311 162
288 163
173 345
205 328
233 316
247 320
260 314
272 323
279 338
272 358
260 370
246 374
229 375
202 367
185 344
231 339
245 339
258 336
270 338
260 341
247 344
232 344
