98 165
96 207
102 249
116 288
133 328
153 367
176 404
202 436
238 449
280 444
324 423
362 394
394 359
417 317
429 269
433 218
430 171
105 109
122 95
145 93
170 97
192 110
253 112
283 99
316 97
348 101
377 117
222 159
220 193
217 228
214 263
190 281
205 290
221 296
240 291
260 284
129 151
147 139
171 140
190 163
167 165
143 162
278 166
300 145
325 143
348 157
327 168
302 169
172 328
189 322
207 318
225 324
241 320
271 327
305 334
272 357
244 367
226 368
207 364
189 350
182 331
207 334
225 338
242 337
295 335
243 340
225 341
208 338
