68 149
71 196
81 243
92 287
108 331
133 369
163 400
196 420
233 424
269 416
304 396
334 368
359 334
378 293
389 247
393 202
390 157
86 122
111 106
142 104
173 108
202 120
259 117
287 107
316 104
346 105
371 117
230 155
230 189
230 223
231 258
202 279
217 283
231 288
247 283
262 278
121 154
141 142
165 143
185 163
163 165
139 165
280 163
297 143
321 141
342 153
325 164
301 165
179 334
199 321
217 313
232 318
246 313
265 320
285 334
265 349
248 357
232 358
216 356
198 349
190 333
217 330
232 332
247 329
275 333
247 333
232 335
217 333
