44 127
49 179
61 230
72 278
91 321
121 358
155 387
193 409
232 414
268 405
297 377
324 347
346 313
361 274
372 233
382 190
386 145
78 98
109 84
142 84
174 92
203 108
270 108
297 94
325 86
354 85
377 99
237 158
238 197
239 236
240 275
202 289
220 294
238 298
255 292
270 286
111 153
134 142
161 146
184 167
158 171
130 169
279 168
299 146
326 145
346 155
329 169
302 172
164 324
197 325
223 322
239 326
256 320
277 318
303 316
281 342
260 357
242 361
225 360
197 350
175 327
223 338
240 339
257 334
292 320
258 334
242 338
225 337
