79 159
72 204
69 251
69 296
79 340
100 377
132 404
172 421
210 428
250 422
293 402
331 374
363 340
385 302
399 258
409 214
412 168
99 118
117 98
142 90
170 92
195 104
264 101
293 90
325 89
357 96
379 117
230 155
227 187
225 217
222 249
193 275
208 279
222 283
239 279
256 277
127 156
146 143
169 144
186 164
166 167
144 165
281 164
301 144
324 142
343 155
327 165
303 167
161 336
185 328
208 322
223 327
239 323
260 330
284 339
258 351
235 356
218 357
202 355
180 350
170 335
208 335
223 337
239 335
274 340
235 338
219 339
204 338
