55 151
59 199
69 246
81 291
101 333
128 369
158 399
193 421
228 426
262 418
293 392
320 359
344 323
362 282
374 241
382 197
385 153
83 115
107 96
140 90
173 94
203 105
269 100
297 89
326 84
355 88
375 106
237 153
238 189
239 226
240 262
203 282
220 286
236 291
251 285
265 281
117 158
139 144
165 146
185 166
163 170
136 169
282 164
302 143
327 141
345 154
330 167
305 169
170 328
196 323
218 318
233 323
248 318
266 323
287 327
265 348
248 359
232 361
216 360
195 351
180 331
217 335
232 336
247 334
277 330
248 334
232 337
217 335
