1 148
8 201
20 253
34 300
60 344
98 380
142 412
189 435
230 438
264 422
290 388
315 353
336 315
352 276
363 235
366 193
365 153
65 122
98 105
137 99
175 103
211 117
270 112
293 100
317 94
341 93
360 105
244 156
249 190
254 225
260 260
214 281
232 285
249 290
263 284
275 277
110 162
134 149
160 150
183 167
158 172
132 172
274 164
294 145
318 143
335 154
321 166
298 168
160 329
198 328
228 322
244 325
260 320
274 323
290 325
274 350
260 362
243 366
225 365
195 356
172 333
227 338
244 339
259 336
280 330
259 335
244 340
227 339
