65 155
66 201
71 246
80 290
96 331
122 366
154 396
189 423
227 431
267 425
304 399
336 365
364 327
381 286
390 242
398 196
401 150
92 119
117 102
148 97
179 100
207 113
267 116
295 101
327 96
358 102
378 123
234 157
233 189
231 222
230 254
198 279
214 284
232 288
248 284
265 279
121 159
142 147
167 149
188 169
164 173
139 171
280 168
298 148
325 146
346 159
327 171
301 173
164 328
192 327
214 322
232 326
246 320
268 325
296 326
269 348
247 357
231 359
214 358
192 348
175 332
214 334
232 336
247 334
285 330
247 334
232 338
214 335
