29 163
36 214
50 265
64 312
87 353
119 386
157 413
199 432
239 434
271 422
297 393
321 361
340 327
354 289
363 250
366 208
362 166
68 124
94 99
130 88
167 91
201 105
271 107
295 95
321 91
346 98
360 121
238 157
242 192
248 225
253 259
210 284
229 286
248 290
263 285
277 278
111 163
134 150
158 152
180 170
157 173
131 173
275 170
293 150
315 148
333 159
318 168
296 170
162 328
201 324
230 318
248 322
264 315
281 318
299 321
283 345
266 357
249 360
230 360
200 352
174 330
230 336
248 337
264 333
289 325
265 332
248 336
230 335
