71 151
71 198
75 243
84 286
103 326
129 363
159 394
194 418
230 425
267 418
302 393
332 363
359 328
379 288
389 246
396 200
397 154
93 114
113 95
142 87
174 89
201 101
259 102
289 92
322 92
352 101
375 122
233 152
233 187
233 221
233 255
199 277
216 283
233 287
250 283
266 279
124 151
143 137
167 140
187 160
166 161
142 160
278 164
298 143
321 142
340 157
323 165
299 165
179 334
198 321
217 314
233 320
250 316
270 323
288 336
269 354
250 361
232 362
215 360
197 352
189 334
216 334
233 336
250 335
278 336
250 334
232 335
216 333
