-5 178
1 229
11 279
28 325
59 365
98 394
144 418
191 435
233 437
266 425
293 398
316 364
333 327
344 286
352 244
355 203
352 164
61 124
93 103
131 94
170 97
207 108
260 106
284 94
309 88
334 93
349 112
239 153
246 183
253 213
261 244
217 270
234 275
251 279
264 275
275 269
109 160
131 148
156 148
177 164
155 168
130 168
269 163
288 146
310 144
326 156
312 165
290 166
173 335
204 319
232 309
247 313
261 308
275 317
286 334
274 352
261 360
245 362
228 361
202 355
185 335
231 327
246 329
260 328
276 334
260 333
246 335
230 334
