44 185
49 244
59 302
73 355
99 403
137 446
182 481
229 508
275 514
318 503
353 469
384 429
411 384
430 336
444 285
453 234
454 181
103 139
135 122
173 117
211 120
246 131
328 130
358 118
390 113
422 119
441 141
284 187
285 228
287 269
289 310
248 334
267 338
286 342
302 337
318 332
140 185
165 169
195 171
218 197
191 199
161 197
332 194
354 169
383 165
405 181
386 194
357 196
212 401
241 387
268 377
286 381
301 377
321 385
342 397
322 428
302 441
285 443
265 441
239 429
226 402
267 394
286 396
300 394
329 399
301 411
286 413
267 411
