112 162
111 199
116 237
125 276
138 315
156 352
177 391
200 423
236 435
281 432
330 411
376 385
415 351
440 310
452 263
459 212
462 161
113 106
127 89
150 84
174 87
200 97
248 97
283 86
320 83
357 91
389 111
221 154
215 187
208 219
200 251
187 272
199 281
213 287
231 281
251 275
134 155
150 144
173 145
193 164
170 168
147 167
283 164
303 147
328 146
352 157
331 169
306 169
173 330
185 319
203 312
219 318
234 312
266 321
302 331
269 356
239 366
220 367
203 364
187 353
183 333
203 335
220 337
236 335
289 334
237 340
220 341
203 338
