44 161
47 210
55 260
66 307
89 347
122 382
155 414
191 441
228 449
262 439
292 408
319 372
345 339
366 302
378 263
384 222
386 181
81 124
107 103
141 95
176 100
206 115
270 117
300 107
330 107
356 117
371 140
239 162
239 196
239 229
240 263
196 277
216 283
235 289
253 284
270 279
119 158
141 148
166 151
187 169
164 169
139 167
278 174
297 158
320 159
339 170
322 177
299 178
150 315
182 311
215 310
234 315
255 311
281 314
303 317
279 353
253 372
230 375
209 372
178 353
159 318
213 324
233 326
253 324
293 320
253 349
232 352
212 349
