44 171
49 218
57 265
66 311
85 352
115 386
149 417
189 441
229 446
267 440
301 416
328 384
352 348
368 306
378 263
387 218
390 172
78 122
102 100
136 90
171 93
202 107
268 107
296 95
326 93
354 102
370 125
234 153
236 183
238 213
239 242
202 266
218 270
236 273
252 270
266 266
117 162
139 150
165 150
185 167
163 171
137 170
275 168
295 150
319 150
338 162
320 170
297 170
169 333
191 310
217 299
235 303
252 299
276 311
295 333
276 357
253 367
233 368
214 368
190 358
181 332
216 321
234 321
252 321
284 333
252 340
233 342
216 341
