37 177
41 223
46 272
58 319
81 360
115 392
154 419
198 438
238 440
273 427
300 396
325 363
349 328
363 288
370 246
373 204
370 162
76 135
101 115
133 106
166 108
198 119
265 119
291 108
318 105
343 111
359 129
238 162
242 196
247 229
251 263
206 283
226 287
245 293
261 288
275 281
113 167
134 152
159 153
181 172
159 174
134 174
277 170
296 150
319 147
338 158
323 167
300 169
158 326
194 320
224 315
241 319
257 313
276 316
298 317
278 353
259 367
241 371
223 371
194 361
167 329
224 328
241 329
258 327
287 323
258 344
241 349
223 348
