96 193
98 243
107 295
119 345
138 391
167 432
199 471
237 505
282 516
330 510
376 481
415 444
449 403
470 355
479 302
486 248
487 193
103 154
125 128
159 119
195 123
229 137
317 138
352 122
392 117
431 127
459 151
272 195
271 236
269 276
267 315
236 338
252 344
271 350
292 343
314 339
147 195
170 178
199 180
223 208
195 209
166 206
335 208
358 181
388 178
414 195
391 206
361 209
197 385
231 386
257 382
278 388
297 383
329 386
370 386
330 417
297 429
277 430
255 428
229 416
210 391
257 399
278 402
297 400
356 391
296 401
277 402
256 400
