112 175
110 227
115 278
123 328
140 375
164 416
195 452
230 483
274 494
324 491
369 463
411 425
446 377
469 324
482 269
495 211
501 152
125 126
150 112
181 114
211 120
239 135
306 137
341 121
379 113
418 115
451 132
275 183
275 225
273 267
272 309
241 326
257 333
274 340
293 335
312 328
148 182
171 170
199 173
221 196
194 201
166 198
335 197
358 173
389 170
414 182
393 199
362 201
213 395
233 380
254 372
274 379
294 373
319 383
345 400
318 423
292 429
271 430
250 426
231 415
224 395
253 392
274 395
294 394
332 399
292 397
272 398
251 394
