94 168
93 209
100 249
116 287
137 322
162 352
186 381
211 409
244 418
283 413
319 392
355 366
386 335
409 296
421 252
427 206
428 157
95 103
112 88
138 88
164 95
187 108
254 109
284 97
317 93
351 95
382 108
222 160
219 199
217 237
214 276
189 289
205 296
222 301
241 296
260 291
120 154
137 142
162 146
183 170
158 174
133 171
278 173
299 149
327 146
353 160
331 175
302 177
170 318
193 329
211 330
227 335
242 331
271 331
310 321
275 351
246 362
229 363
213 358
194 346
179 326
212 341
227 344
243 342
300 326
244 342
228 343
212 339
