39 143
41 193
49 242
62 287
83 327
110 363
141 393
181 415
223 421
262 410
295 382
323 351
347 315
364 278
375 237
382 195
385 152
76 116
103 100
135 97
166 103
194 117
270 113
299 103
327 98
356 102
376 118
236 158
236 194
238 231
239 267
201 280
218 287
236 292
252 286
267 278
110 155
135 145
161 147
184 166
159 169
132 168
279 165
300 146
325 145
344 155
327 167
302 168
166 325
192 318
217 313
234 318
251 312
269 317
288 324
269 344
252 356
233 359
214 357
189 348
177 327
216 330
234 332
252 329
278 325
251 330
233 333
216 331
