-4 149
-5 204
1 261
16 314
43 362
81 406
123 442
170 466
215 469
249 453
272 414
295 374
318 334
339 293
354 252
357 210
353 170
75 117
106 97
145 90
183 96
214 112
272 114
291 104
314 101
334 101
347 112
246 157
252 190
258 222
264 255
209 281
230 285
249 289
266 283
280 275
113 159
137 145
164 147
188 166
162 170
135 169
273 165
292 145
315 145
330 157
316 167
293 168
151 336
189 321
226 312
244 314
262 310
277 314
286 324
273 358
257 382
237 390
217 390
184 377
159 338
225 327
243 326
260 322
278 328
259 358
240 365
221 366
