46 169
46 216
50 264
63 310
89 348
120 378
154 403
193 421
230 424
263 415
287 391
310 358
331 321
348 282
360 243
364 201
361 160
86 111
110 95
142 89
174 92
203 106
265 110
290 99
316 95
341 96
358 110
238 153
242 189
245 224
249 259
208 279
226 284
244 289
259 282
272 274
115 157
137 145
160 146
181 163
159 166
135 166
277 162
295 143
317 142
333 153
319 163
297 163
174 336
201 322
227 312
244 316
260 309
277 315
289 327
278 348
262 361
245 365
226 366
201 357
184 336
226 335
243 335
260 332
279 328
261 332
245 337
227 337
