134 179
128 217
131 256
140 295
151 334
165 369
183 402
207 428
243 438
287 436
331 419
371 393
406 361
430 320
444 274
453 225
456 174
130 115
138 105
152 103
171 103
192 108
258 106
290 96
323 93
357 97
387 112
219 156
215 180
209 205
204 231
192 261
203 267
216 270
234 266
253 261
142 167
154 153
176 151
196 167
175 173
155 174
281 163
301 147
327 146
351 159
328 168
302 168
180 336
187 312
203 298
220 302
236 297
264 310
293 335
266 354
240 360
223 361
205 359
190 352
192 334
205 324
222 324
238 324
279 333
238 332
221 332
205 331
