69 158
76 216
90 273
104 328
126 379
158 424
192 465
231 500
274 510
318 500
358 465
396 423
429 376
449 321
461 267
473 212
478 153
113 134
144 119
181 119
216 129
250 143
316 149
346 134
383 125
420 126
450 143
279 188
279 227
279 267
279 306
243 328
260 334
278 338
297 334
316 329
148 181
172 168
202 170
225 195
198 201
168 198
334 194
356 169
385 166
410 180
389 196
359 199
210 403
234 384
259 372
279 378
298 372
321 384
344 401
323 434
299 447
279 450
258 449
232 437
222 403
259 389
279 391
297 390
331 401
298 419
279 421
259 419
