62 358
61 405
67 450
77 494
92 537
115 576
149 605
188 626
232 631
276 627
315 608
350 580
376 546
396 508
408 466
419 423
425 380
86 304
111 283
144 278
177 284
207 298
272 300
306 288
342 284
375 291
400 314
236 340
234 369
232 398
230 428
201 460
216 464
230 466
247 464
263 461
119 340
140 325
166 327
186 349
163 351
137 350
291 354
313 333
338 333
357 350
339 358
314 358
163 514
189 504
214 496
230 501
249 497
274 506
303 516
274 534
249 542
229 544
210 542
187 534
174 516
213 515
230 516
248 515
292 517
248 516
229 518
212 516
