15 266
22 312
32 357
44 399
59 440
80 477
108 508
139 535
175 543
211 532
246 504
278 472
305 434
321 392
331 347
340 300
344 250
32 241
53 223
82 220
112 226
141 239
190 236
219 221
252 211
287 212
315 230
165 278
164 311
163 343
161 376
139 394
151 397
165 399
180 396
195 392
67 279
84 268
107 269
125 288
104 292
81 291
214 284
231 264
254 260
275 270
259 284
235 287
116 448
134 439
152 430
167 434
181 429
203 435
226 445
206 472
185 485
169 487
153 485
135 473
126 449
153 444
168 446
182 444
216 447
183 460
168 463
153 460
