-11 219
-10 261
-3 304
10 345
29 383
55 421
85 454
121 478
159 483
195 473
223 448
248 416
269 380
283 340
291 299
295 257
291 216
22 172
43 157
68 153
95 155
117 163
187 160
209 149
233 146
256 149
273 163
156 212
157 243
159 274
161 304
131 328
145 332
160 335
173 331
184 326
50 217
68 205
92 206
110 223
91 227
67 227
195 218
213 199
235 196
252 207
240 217
218 220
104 388
124 371
147 361
161 365
177 359
197 367
213 380
200 406
180 419
163 423
148 422
125 412
114 388
147 380
162 379
177 377
204 382
178 394
162 397
147 396
