12 215
17 256
28 296
39 335
53 374
73 410
99 445
130 473
164 481
196 474
224 450
247 418
267 384
284 347
298 308
305 267
307 227
30 180
50 160
80 157
111 164
137 179
188 177
214 164
241 160
268 163
289 177
163 220
164 255
165 290
165 325
136 340
149 346
163 352
177 346
189 341
57 220
75 209
99 212
115 229
96 233
72 232
208 229
225 212
247 210
263 220
250 231
229 233
117 395
134 385
151 379
161 384
175 379
192 386
208 395
192 415
176 424
161 426
148 424
132 415
125 396
150 396
161 398
175 396
200 396
175 398
161 400
150 398
