4 247
2 282
8 320
23 358
43 394
66 428
87 460
112 487
143 495
179 487
213 462
244 429
272 392
291 351
298 305
301 259
300 214
1 198
11 183
31 180
52 184
70 195
122 191
151 175
184 168
218 175
243 192
101 232
101 264
101 297
101 329
78 342
92 348
110 352
128 346
146 340
23 231
36 218
57 220
74 238
55 240
35 240
152 233
170 214
193 210
214 222
197 232
174 234
66 378
80 373
100 373
117 375
137 371
172 370
203 370
181 413
149 433
128 437
108 433
86 414
74 382
102 381
119 383
139 380
195 374
144 413
124 416
106 412
