-1 206
-3 261
1 318
14 370
38 416
76 455
117 483
163 504
202 507
233 495
259 462
283 430
309 397
330 360
347 321
355 283
355 242
69 186
104 171
145 168
184 175
220 191
291 192
312 181
333 175
352 173
362 188
252 245
253 282
256 319
258 356
204 374
224 378
242 383
260 379
274 370
114 237
141 227
168 230
189 251
164 255
136 252
279 248
299 227
322 224
337 234
325 250
301 253
144 411
184 418
216 415
231 419
245 413
256 413
265 410
252 429
240 443
225 449
208 449
177 439
154 414
214 428
229 429
244 424
258 416
243 422
228 427
213 427
