9 270
15 317
24 364
36 409
54 451
85 487
121 518
162 542
207 550
251 538
286 510
317 479
342 446
359 407
370 365
377 322
381 277
41 216
64 189
101 177
137 183
171 199
239 197
271 183
305 179
339 190
360 217
206 248
207 280
208 311
208 343
170 374
188 376
207 380
225 375
244 372
83 262
104 250
129 249
151 266
128 269
103 269
256 265
278 249
302 249
322 260
303 268
278 268
118 422
152 417
183 411
204 414
224 410
251 414
282 420
254 448
227 462
205 465
183 464
152 452
130 424
183 431
204 432
224 430
271 424
226 433
205 436
184 435
