27 216
28 262
35 308
46 353
64 395
90 434
126 466
169 487
214 494
258 485
298 460
330 426
352 385
366 341
373 295
379 248
378 201
57 165
79 143
109 137
140 140
168 151
228 147
258 136
291 132
323 138
348 159
201 196
202 230
203 263
203 296
173 323
189 327
206 330
222 326
239 321
87 204
107 193
130 193
150 209
129 213
106 212
256 207
275 189
298 188
319 199
301 208
277 209
151 386
174 372
195 362
210 366
224 360
247 368
272 380
249 400
228 409
212 412
196 411
175 403
160 386
196 383
211 384
226 382
262 381
226 382
211 384
196 383
