27 304
30 359
39 413
51 464
71 511
101 553
136 589
178 616
221 623
259 611
294 580
326 544
354 506
374 465
388 421
399 374
403 325
52 267
87 252
126 255
163 266
197 284
266 281
296 266
329 261
362 262
388 277
232 332
231 364
231 397
231 429
194 454
211 459
227 463
243 461
257 457
93 325
118 312
148 317
173 341
145 345
114 342
280 345
304 322
333 321
355 335
336 350
306 351
160 523
186 508
211 499
226 503
241 500
262 511
283 525
262 553
241 563
224 564
207 563
183 552
172 523
210 522
225 522
241 522
271 526
241 535
225 536
209 534
