31 309
39 357
52 402
64 448
80 491
104 531
134 566
171 592
210 599
250 588
287 560
319 524
344 484
358 440
369 396
379 351
385 304
53 303
78 289
110 288
141 292
172 303
244 301
273 290
303 284
333 283
360 295
208 341
208 376
209 412
210 447
179 458
193 465
208 471
224 464
240 457
92 336
113 321
140 323
161 345
137 351
110 350
256 343
276 321
303 318
324 333
307 346
280 348
143 493
169 494
191 492
208 497
224 492
245 494
269 494
246 516
225 526
208 529
190 527
167 517
154 498
191 505
208 507
224 505
258 499
224 505
208 508
190 505
