57 342
60 388
64 433
69 477
84 519
111 554
143 586
180 611
220 616
258 609
287 581
314 550
341 516
360 477
373 435
383 393
389 350
87 319
116 300
151 296
186 303
217 319
272 316
300 302
328 296
355 300
374 318
244 364
246 397
248 429
250 460
209 476
226 480
241 485
256 483
269 479
124 358
146 346
171 348
190 369
168 371
142 369
283 367
303 346
328 343
347 354
332 368
307 370
156 521
186 515
215 510
231 515
248 512
265 519
280 533
263 550
245 557
227 558
209 555
183 544
168 523
213 528
230 529
247 529
271 533
245 537
228 538
211 537
