42 227
38 279
43 332
56 383
78 431
111 471
146 506
184 537
226 547
266 541
302 515
336 482
367 446
389 404
404 357
412 309
413 260
90 188
119 177
151 179
181 189
208 207
300 215
324 203
350 199
376 198
399 208
253 259
252 299
253 338
253 378
210 392
228 399
247 407
266 402
283 396
109 243
134 231
163 235
189 261
159 263
129 259
302 268
325 246
352 245
375 259
354 272
326 272
169 441
197 432
225 426
244 431
261 429
284 436
305 448
281 475
258 485
239 486
218 483
192 470
180 444
222 448
242 451
260 450
294 450
259 451
241 452
221 449
