6 233
4 271
9 311
21 350
35 388
53 425
72 459
94 490
127 504
166 502
209 480
248 449
282 412
308 370
326 324
337 274
341 224
7 185
18 170
39 167
61 172
81 183
143 181
176 169
211 165
246 171
274 190
112 232
108 265
103 299
99 332
83 350
94 358
108 362
124 359
140 354
29 225
43 210
66 213
84 235
63 240
40 239
168 237
188 213
215 212
237 227
219 241
191 243
82 410
87 399
99 395
112 399
126 396
150 404
173 416
152 435
130 444
114 444
100 440
88 428
90 411
100 410
112 412
127 412
163 416
128 418
113 419
100 415
