75 246
74 295
77 348
89 398
115 441
152 476
196 505
241 524
282 530
316 522
341 492
363 456
380 418
395 380
410 343
415 306
411 269
164 210
193 194
225 190
257 197
285 212
335 214
355 204
377 200
397 205
410 221
312 253
315 281
318 308
321 336
278 363
294 367
309 372
321 370
333 365
198 245
219 235
241 236
257 255
237 256
216 255
337 262
354 245
375 244
388 257
376 265
355 265
233 421
264 407
295 398
307 401
318 397
334 409
342 423
329 445
313 457
301 459
287 458
260 446
243 421
292 420
305 421
316 421
333 424
314 426
303 429
291 429
