53 332
52 383
54 437
65 488
91 532
128 567
173 597
218 616
259 622
292 614
318 585
340 548
357 509
373 471
387 434
391 396
388 359
140 300
169 284
201 279
234 287
263 302
313 303
334 294
356 290
377 295
387 311
290 343
292 371
294 399
297 427
255 454
271 458
286 463
298 460
310 456
174 336
195 325
218 327
234 346
214 347
193 345
314 352
331 334
352 334
365 347
354 355
333 355
210 512
242 498
271 489
283 492
295 489
311 500
318 514
306 536
291 548
278 550
264 549
237 537
219 512
269 511
282 512
293 511
309 515
292 518
279 521
267 521
