4 207
4 250
10 295
19 339
33 382
57 420
84 455
117 481
155 488
192 481
226 457
254 428
278 395
294 358
306 317
313 274
313 232
34 169
54 151
84 146
113 152
138 166
197 165
221 156
246 155
270 161
288 173
167 211
166 246
166 281
167 316
133 331
148 337
163 343
179 338
193 332
66 206
84 196
106 200
122 217
103 219
80 217
210 221
227 204
249 204
266 216
251 224
230 225
104 378
128 372
149 368
162 373
178 369
197 375
217 382
196 401
177 411
159 413
144 411
124 401
113 381
148 387
161 388
178 386
208 383
177 387
161 389
147 387
