75 346
77 394
86 439
99 483
117 523
143 561
176 592
216 615
259 621
303 613
342 589
372 555
396 518
413 477
424 433
431 386
433 338
104 300
127 283
156 277
186 280
214 293
273 291
304 279
339 275
372 280
400 297
248 331
249 361
249 391
250 422
224 454
238 458
252 461
265 458
279 454
131 341
150 325
175 326
198 345
174 352
149 352
298 344
319 322
346 321
369 334
350 347
322 349
193 520
214 500
235 490
250 494
265 491
289 503
313 522
291 550
268 559
251 560
234 557
213 545
203 519
236 509
251 511
266 510
302 521
266 527
250 528
235 525
