33 283
32 333
40 381
49 429
62 473
84 511
114 542
151 567
195 580
244 577
294 563
342 543
382 513
408 471
426 423
441 372
451 316
55 228
78 203
112 194
147 199
179 214
254 220
292 206
335 208
373 224
401 254
209 267
205 297
201 327
196 357
167 389
182 395
198 400
218 397
238 394
93 272
114 258
141 258
164 280
138 283
111 281
271 287
296 268
324 271
348 289
323 294
295 292
129 450
156 438
181 429
199 434
218 431
249 444
286 459
248 478
217 482
196 483
176 479
154 472
142 452
180 453
198 456
217 456
273 459
217 457
198 456
179 453
