78 204
81 256
89 308
101 359
120 410
150 452
187 488
231 514
277 524
323 516
365 491
400 455
426 414
444 365
457 315
466 262
469 210
105 144
134 123
170 117
207 122
243 135
319 133
352 118
388 112
424 120
447 146
279 186
279 220
279 255
278 289
245 321
262 325
279 328
295 325
310 321
143 193
167 176
197 176
221 199
194 206
164 205
334 199
359 176
390 175
414 194
392 207
361 207
214 402
234 374
260 359
278 363
296 358
323 373
346 403
325 431
299 442
280 444
259 442
235 429
229 400
260 387
278 386
296 387
331 401
297 407
279 407
261 406
