66 155
67 200
74 244
84 288
102 330
127 367
156 401
190 429
229 438
268 430
304 401
336 365
362 327
380 284
391 240
402 195
405 149
89 118
111 102
141 97
172 99
202 111
261 109
292 97
326 94
359 102
381 124
233 153
232 185
232 217
231 249
204 272
218 277
232 280
246 276
261 271
121 158
140 145
164 146
186 163
162 170
137 169
279 162
301 144
326 143
347 157
328 169
301 168
179 335
194 314
214 303
231 308
245 303
266 314
286 333
268 355
247 365
231 367
213 365
194 354
190 333
214 326
231 327
246 326
274 333
247 333
231 335
214 333
