-9 190
-5 254
8 316
31 371
65 419
114 457
166 485
218 509
265 514
301 498
326 463
352 425
376 385
394 341
405 295
409 249
405 202
83 145
129 135
175 135
219 144
259 158
331 162
352 154
373 146
393 139
409 144
295 195
300 227
308 261
316 295
258 329
279 332
299 335
315 329
328 321
128 188
161 175
194 175
219 198
191 205
157 204
324 197
347 174
373 173
389 187
375 202
349 203
210 409
249 389
284 373
302 377
319 370
334 379
342 392
332 416
317 433
298 440
279 441
246 434
226 409
281 396
299 395
315 391
332 394
317 399
300 405
283 407
