55 152
57 197
66 243
78 289
97 332
123 370
156 404
194 429
234 433
273 423
309 394
341 359
365 320
382 277
393 234
399 190
398 146
84 115
113 101
146 100
178 106
207 117
263 114
291 102
322 96
352 98
377 113
234 158
234 191
233 224
233 257
201 274
217 280
233 285
249 280
264 274
121 154
142 142
167 144
186 164
164 167
139 165
278 162
297 142
322 140
342 151
326 163
301 165
175 335
196 319
217 310
231 315
246 310
265 319
286 333
266 353
249 362
232 365
216 363
195 355
185 336
217 330
231 331
247 329
275 334
247 337
231 339
216 338
