80 164
79 211
85 254
93 295
108 335
129 369
157 399
190 423
227 432
269 425
309 404
345 375
373 339
393 297
407 252
421 205
428 154
96 123
116 107
144 102
172 105
199 116
262 117
295 102
330 97
365 105
390 128
229 157
228 189
227 220
225 252
201 274
213 279
227 282
243 279
259 274
122 160
140 145
164 147
186 169
162 173
137 171
279 168
297 144
323 143
347 158
326 169
299 171
175 329
193 316
212 309
229 314
243 310
265 317
291 332
265 348
243 354
227 354
209 352
191 345
183 329
211 325
228 327
243 327
280 331
242 331
227 332
210 330
