119 163
112 201
112 239
123 278
139 316
159 351
179 386
198 422
228 440
268 443
313 425
355 397
392 366
423 323
442 272
451 218
453 166
111 105
125 90
148 93
171 103
192 116
246 112
281 101
317 98
354 104
386 120
217 158
211 193
205 229
197 263
182 279
195 288
210 293
229 289
248 285
133 147
149 134
173 137
191 162
169 163
145 160
276 166
297 144
325 144
351 160
327 170
299 171
179 322
188 320
201 318
216 324
233 321
266 329
306 331
269 362
237 372
218 372
202 366
189 350
188 328
202 336
217 340
234 340
296 333
234 345
217 344
202 338
