65 154
69 202
77 249
86 292
102 332
128 368
160 397
196 420
232 425
267 414
299 388
329 360
352 328
369 292
381 253
389 213
392 169
80 124
104 101
140 95
177 98
211 109
263 104
295 95
328 94
360 102
377 123
235 150
235 184
234 217
234 250
201 270
216 274
231 279
247 275
262 271
118 157
137 146
161 146
181 161
161 167
136 167
282 161
301 145
325 145
343 156
326 167
303 167
180 333
199 319
218 312
232 318
247 312
266 320
284 337
267 351
249 358
233 360
217 359
198 350
192 331
218 328
232 330
247 328
273 334
248 333
233 336
218 334
