83 145
89 189
98 232
105 275
118 317
138 356
165 391
198 420
235 432
276 429
318 407
354 380
386 345
404 300
414 253
426 203
431 151
93 110
115 95
143 94
172 99
201 110
258 110
291 98
326 94
361 98
389 115
227 156
225 188
223 220
220 252
196 270
209 276
223 281
240 277
256 273
122 156
139 144
163 146
184 165
160 169
137 167
280 166
297 147
324 147
349 159
326 169
300 170
179 333
194 315
211 307
226 311
240 308
266 318
294 334
267 356
243 365
227 365
211 362
195 351
189 332
211 325
226 326
241 326
283 333
242 339
227 340
212 337
