91 139
96 182
106 225
118 267
134 307
156 343
179 379
205 413
240 423
280 418
324 392
364 359
399 321
420 275
431 226
441 174
445 122
99 111
118 96
145 96
172 101
198 113
261 112
291 98
324 92
358 95
387 110
227 155
225 190
222 226
220 260
200 273
212 281
226 287
242 281
259 274
129 152
147 143
170 145
187 163
165 166
144 163
286 163
302 146
327 143
348 153
330 164
306 166
183 325
198 313
213 307
229 313
247 308
270 316
295 328
271 353
248 361
229 361
211 358
196 347
195 327
213 324
230 327
247 326
283 329
247 333
229 334
212 331
