58 146
62 193
70 239
80 284
96 327
119 365
150 399
186 427
226 436
266 430
304 406
338 373
366 334
387 290
398 243
408 195
414 146
87 120
108 101
139 95
169 102
197 115
263 115
292 102
322 96
352 101
376 118
229 154
229 186
229 218
230 249
202 267
216 272
230 276
244 272
258 267
120 157
141 146
164 147
182 165
161 169
137 167
282 165
303 148
326 146
345 158
328 168
305 169
179 333
197 313
217 303
232 307
249 303
271 313
288 333
271 358
248 370
230 371
213 369
193 359
188 333
216 323
232 323
249 323
279 332
248 344
230 345
215 344
