49 158
56 206
67 252
77 297
94 338
120 375
152 408
190 433
231 440
272 431
310 406
341 374
365 338
381 297
391 254
403 210
410 163
81 129
103 102
137 93
173 94
206 105
253 106
288 96
324 96
358 107
380 133
232 150
232 180
233 210
233 240
201 268
216 272
232 276
248 272
262 268
118 161
138 149
163 149
182 165
162 171
137 171
282 166
301 152
324 152
344 164
326 173
302 172
175 335
193 314
215 303
232 309
251 303
272 315
288 334
272 353
251 363
231 365
212 364
191 355
186 334
214 325
232 327
251 325
277 333
250 333
232 336
214 334
