83 144
85 188
89 229
101 272
119 311
147 345
178 375
206 407
238 424
277 423
324 402
369 372
407 334
431 287
444 237
454 183
458 129
89 91
110 82
134 83
159 90
182 104
244 104
281 93
321 89
360 95
398 108
215 157
211 193
206 229
202 265
188 280
199 289
214 294
229 290
247 286
122 142
141 133
167 136
186 160
162 164
136 159
272 167
294 146
324 145
352 158
329 173
297 174
186 330
199 329
210 327
222 332
234 328
264 334
301 333
268 357
240 364
226 364
213 359
200 348
197 335
211 339
223 342
236 342
288 336
237 343
224 342
212 338
