73 175
79 230
91 281
105 330
123 378
151 424
188 464
229 497
273 507
317 498
361 466
399 428
430 383
451 335
465 285
478 231
482 175
99 146
127 123
167 118
205 126
240 141
308 137
344 121
383 117
423 119
455 139
278 184
278 226
278 268
279 310
243 327
260 335
278 342
296 336
313 328
143 183
166 170
196 171
219 193
193 196
164 195
337 193
359 171
389 170
414 184
392 196
363 197
211 397
234 383
258 373
277 380
295 374
318 385
340 401
319 427
295 438
275 439
254 436
231 425
225 399
257 395
276 397
295 396
326 402
295 403
276 404
256 401
