46 138
51 185
62 235
73 282
89 329
114 370
147 405
184 431
224 439
265 432
304 407
338 372
365 330
383 284
393 237
402 187
406 138
81 117
108 99
142 95
176 102
208 116
264 117
291 99
325 93
357 97
383 115
234 153
235 186
236 219
236 252
204 275
219 280
234 285
250 280
264 274
117 161
137 151
163 152
186 167
161 173
135 172
278 165
298 149
323 146
344 155
325 167
300 169
167 329
193 321
214 313
232 319
249 313
267 320
290 330
268 347
248 356
230 359
211 356
191 347
179 331
213 332
232 333
249 332
280 332
248 333
231 335
212 333
