69 154
70 199
74 244
81 287
99 329
126 365
154 396
187 423
223 434
260 427
295 403
327 373
356 337
375 296
387 251
396 202
399 154
85 123
108 108
139 106
169 112
199 125
263 122
292 107
323 99
355 102
378 122
230 160
232 194
234 228
236 262
199 277
215 282
232 286
250 282
266 277
120 163
138 150
163 150
184 169
161 173
136 172
277 168
299 148
324 145
343 159
326 169
301 171
161 325
187 318
212 313
230 318
247 313
271 318
298 325
272 353
248 365
229 367
209 364
185 351
172 327
211 329
230 331
247 330
288 328
247 341
229 343
211 340
