130 156
122 197
122 240
132 283
147 325
163 368
182 410
206 445
239 460
284 458
338 440
387 411
433 377
466 333
483 278
490 219
492 162
124 97
136 83
157 81
178 87
198 98
262 90
295 78
332 72
369 79
404 95
222 152
214 182
204 211
194 241
187 270
197 277
210 280
227 277
246 273
141 150
156 136
180 137
204 158
178 164
154 163
282 156
304 136
333 134
362 148
336 162
306 163
180 342
183 325
196 313
211 317
225 314
257 327
293 345
260 368
232 376
216 377
201 374
188 363
189 343
199 336
213 338
227 338
281 345
229 348
215 348
201 345
