14 169
21 220
33 270
54 318
83 359
118 393
154 423
197 438
238 442
272 430
295 402
314 368
330 331
343 292
354 253
359 212
355 172
68 110
95 88
131 79
168 82
202 97
269 100
293 91
317 89
339 95
352 114
236 149
239 179
244 209
248 240
208 270
224 273
241 276
255 273
269 267
106 156
130 145
156 146
178 161
154 168
128 167
274 164
294 149
317 149
334 161
319 172
296 172
181 336
204 316
228 305
244 310
259 306
273 315
284 334
274 354
261 363
244 366
227 365
203 356
192 334
227 324
242 325
258 323
276 333
259 337
244 340
229 337
