105 163
101 203
106 242
120 282
139 319
161 358
182 396
206 429
239 443
279 440
322 419
363 389
399 355
427 315
442 267
450 217
452 166
111 113
131 102
157 105
181 112
205 122
251 119
280 104
316 100
351 106
384 119
221 157
217 191
213 224
207 259
189 278
201 286
215 293
233 288
253 283
132 151
148 140
170 143
188 163
166 165
144 163
279 164
298 145
324 143
349 155
327 165
301 167
172 327
189 324
207 321
220 327
234 324
265 331
300 336
266 358
236 368
220 368
205 362
189 348
182 331
207 340
221 344
235 344
290 338
235 344
221 343
206 339
