27 176
29 225
38 276
58 322
87 362
120 393
155 421
193 439
226 439
255 431
277 407
295 373
312 337
327 296
341 255
347 211
342 169
86 100
113 83
146 76
177 80
208 93
274 97
293 85
314 80
334 83
345 99
241 151
246 184
251 216
256 249
215 276
232 279
248 281
259 278
270 272
115 150
138 136
162 138
182 158
160 163
135 161
271 159
289 138
313 137
328 150
315 162
292 164
174 342
204 322
231 310
247 313
262 308
275 317
281 335
273 357
260 369
244 373
225 373
201 365
184 342
229 333
246 333
260 331
272 336
260 339
245 343
228 342
