113 119
107 147
105 174
110 203
118 234
127 265
142 296
158 324
187 336
227 337
275 328
322 311
364 288
393 253
407 210
414 163
420 117
104 78
114 64
130 59
149 61
168 71
208 65
240 54
274 52
308 64
335 81
184 110
176 131
166 151
156 172
153 200
161 204
171 207
184 205
199 203
123 112
135 101
154 102
170 120
150 124
132 121
238 119
255 102
277 102
299 114
279 124
257 124
145 251
148 235
159 225
169 229
179 227
204 239
235 260
206 273
184 276
172 275
162 273
151 265
153 250
161 247
171 247
181 248
223 257
182 251
171 250
162 248
