16 218
16 256
22 294
29 332
40 369
57 404
80 436
112 461
150 470
189 464
225 442
253 412
276 377
289 338
299 296
307 255
310 213
21 172
37 154
61 148
88 151
112 163
167 163
194 152
223 150
251 157
271 175
140 215
139 248
138 280
137 313
114 330
126 336
140 341
154 336
167 332
48 213
63 201
86 204
105 224
84 227
60 225
184 225
201 205
225 204
244 216
228 226
205 228
92 376
110 371
127 367
141 372
156 367
177 373
203 376
179 398
160 408
143 410
127 407
111 397
102 378
127 384
142 386
157 384
192 379
158 385
142 387
128 385
