35 322
33 370
37 414
46 459
63 500
86 537
112 575
140 611
179 630
224 630
271 610
315 582
354 548
383 509
400 462
415 413
424 360
45 271
73 256
108 260
140 272
171 291
231 300
269 290
308 288
348 297
381 317
196 338
191 376
186 415
180 454
148 462
163 473
181 481
202 478
223 475
76 320
98 307
126 312
150 342
121 340
92 334
252 357
278 333
308 333
337 352
310 362
278 361
113 493
141 499
166 499
183 506
202 505
238 512
279 513
237 550
200 563
179 562
159 555
137 533
125 502
164 517
182 523
202 523
267 516
201 534
181 533
162 527
