83 152
85 194
92 236
104 278
120 318
141 355
166 389
197 416
233 425
273 423
316 402
353 371
386 334
410 291
424 244
434 194
439 145
95 113
113 97
141 96
168 103
194 116
260 115
292 101
327 93
362 96
391 113
227 157
225 192
223 227
221 261
197 273
210 281
225 286
242 281
259 275
125 154
143 146
166 147
185 163
162 168
140 166
282 165
300 147
325 145
349 155
328 168
303 169
177 327
191 315
210 307
227 314
243 309
268 319
292 333
270 358
245 368
226 367
207 364
190 350
187 328
209 327
227 329
244 329
281 334
244 339
227 339
209 335
