121 168
115 205
117 244
129 283
141 323
157 362
177 400
201 434
236 447
282 443
336 422
390 393
437 359
470 315
487 263
494 208
498 153
120 104
133 90
152 85
174 87
195 97
252 91
287 77
326 73
365 82
399 101
220 150
213 179
205 207
197 235
190 269
200 272
212 275
228 271
246 267
143 160
156 148
177 148
197 163
175 169
155 168
286 157
304 141
329 140
355 150
331 160
307 162
183 342
184 313
199 299
214 302
228 297
258 310
290 339
262 360
235 368
218 370
203 369
190 359
192 340
202 325
216 324
230 323
278 337
232 340
217 341
203 340
