86 159
88 202
97 244
107 284
122 321
143 355
169 386
201 410
240 418
283 412
326 388
364 357
394 319
412 274
420 227
426 179
428 130
84 115
108 103
138 105
167 108
197 119
253 117
286 103
321 95
358 97
387 116
226 158
226 194
226 230
225 266
197 280
213 285
230 290
247 285
266 280
115 161
134 150
159 151
180 169
157 175
131 174
281 167
300 149
327 147
351 157
330 171
303 172
172 324
194 323
213 321
230 325
246 320
269 324
299 322
271 349
247 360
230 362
211 359
192 347
183 328
213 332
230 335
247 334
287 327
246 334
229 336
212 334
