54 396
63 449
75 501
89 550
111 593
145 629
188 657
232 677
276 679
317 668
354 640
391 605
421 565
440 516
452 463
457 406
458 352
90 335
115 309
149 301
186 304
223 315
293 310
321 294
352 286
383 288
410 303
259 371
262 405
265 438
268 472
235 507
252 510
269 511
284 507
299 502
134 384
156 369
183 368
207 386
183 394
155 394
312 380
332 360
358 358
381 369
362 381
336 384
210 581
232 555
256 540
271 543
286 538
310 549
331 569
313 596
291 608
274 611
257 611
234 603
222 578
256 559
271 559
287 557
320 569
288 580
272 582
256 582
