64 330
61 379
67 427
79 473
100 515
127 551
158 584
194 613
237 622
282 618
322 596
357 565
389 528
413 486
427 440
437 391
438 339
91 268
119 252
151 252
183 257
212 271
288 276
317 262
351 255
385 257
415 273
250 319
249 355
249 392
248 429
213 459
230 463
248 467
266 464
285 459
115 320
140 305
169 306
191 330
165 335
136 333
312 332
336 309
364 306
387 321
367 335
338 336
183 523
207 510
230 499
246 504
263 498
285 509
310 524
284 542
263 548
245 550
228 548
207 541
194 523
229 518
246 520
263 518
300 524
263 522
246 523
229 521
