57 276
59 317
67 357
80 396
98 433
121 466
151 495
186 517
226 525
264 515
298 491
325 459
349 425
366 388
375 350
381 307
380 264
78 220
99 204
124 198
152 202
177 214
243 210
267 197
295 191
324 193
349 204
218 252
219 280
221 307
222 335
196 362
209 366
221 368
235 366
248 361
104 261
123 247
147 247
169 265
147 269
122 270
266 262
285 242
309 241
330 253
313 263
288 265
165 424
183 403
206 391
221 394
237 392
260 404
283 424
260 453
237 465
219 466
203 465
182 453
174 423
206 409
221 409
237 410
273 424
236 441
219 442
204 440
