139 352
134 399
135 446
142 491
159 534
182 574
210 609
244 638
287 647
331 641
372 619
408 587
441 553
465 514
479 468
485 422
486 376
165 306
190 291
221 289
251 294
279 306
352 309
380 300
409 299
438 304
461 319
315 350
314 382
313 413
311 446
273 466
290 473
306 480
324 477
341 473
192 347
215 336
241 338
261 358
238 361
212 358
366 365
389 347
413 347
434 362
415 371
389 370
225 515
254 508
284 505
302 511
322 508
348 516
374 523
346 547
319 558
297 558
277 555
250 543
235 518
282 524
301 528
322 527
363 524
320 532
299 533
280 530
