66 300
63 344
66 386
70 427
80 468
97 505
125 539
161 565
204 577
249 572
295 554
337 527
368 493
389 456
404 415
418 373
429 328
92 256
113 233
144 223
177 226
205 239
266 240
299 231
335 231
367 243
387 271
231 277
227 302
223 326
220 352
191 386
204 391
216 395
231 394
246 392
121 287
140 272
164 272
184 290
163 294
139 294
282 294
304 279
328 281
346 298
327 303
303 301
164 461
181 441
200 429
211 433
224 431
244 447
262 470
241 487
220 493
206 493
194 490
177 481
174 458
199 449
210 451
223 451
252 466
222 465
209 466
197 463
