36 386
42 439
53 492
64 543
84 590
116 631
157 664
202 690
249 697
292 689
337 665
375 632
405 592
423 544
430 491
433 438
434 385
68 365
94 338
133 332
171 337
206 352
268 347
304 330
343 323
381 330
409 355
239 396
239 431
238 467
238 502
205 527
222 532
240 536
257 531
274 526
112 397
134 383
163 384
184 406
161 413
131 412
294 403
317 379
345 377
367 390
349 405
321 408
175 591
200 572
224 561
240 566
259 560
284 569
307 587
286 609
263 620
242 623
223 622
200 612
188 591
224 588
241 589
260 587
296 587
261 588
241 591
224 589
