92 381
93 431
100 481
110 531
129 577
160 618
200 650
244 675
288 681
330 671
369 645
402 612
427 572
442 527
450 480
453 431
451 383
121 336
149 318
184 315
217 322
247 336
313 335
344 322
377 315
409 320
434 338
281 381
281 420
282 458
282 496
245 514
263 521
282 527
299 523
313 517
160 381
182 371
206 373
228 392
205 393
180 392
327 394
350 375
375 374
398 384
378 394
353 396
204 563
235 559
261 554
276 559
292 555
318 562
347 567
319 590
296 602
278 604
261 602
235 590
214 567
261 573
277 575
294 574
336 569
294 573
277 575
261 573
