-5 314
3 366
14 417
28 464
52 506
87 540
131 566
179 583
225 585
266 574
297 546
325 515
346 482
361 444
369 402
372 359
369 316
39 271
70 243
112 230
155 232
194 246
248 246
278 237
310 236
339 243
359 265
228 296
233 329
239 361
245 394
200 426
219 431
238 435
253 430
267 423
89 306
114 290
143 289
169 311
143 318
113 317
266 312
288 290
314 289
335 306
317 317
290 318
153 481
191 473
222 465
237 468
251 465
270 472
289 481
268 495
251 502
236 503
219 503
190 497
165 480
221 479
237 481
251 479
279 481
251 480
236 482
220 481
