51 308
52 355
61 399
72 441
89 482
113 517
141 549
173 576
210 587
247 583
280 564
311 539
339 509
361 471
377 428
391 383
395 335
79 287
106 271
139 270
172 277
202 290
267 293
297 282
328 281
357 285
380 300
233 332
232 367
231 402
230 437
193 452
210 458
226 463
244 460
260 456
111 326
134 317
159 319
178 338
156 340
131 338
283 344
304 327
328 326
349 338
329 347
305 347
163 496
187 488
208 483
224 488
241 485
260 492
279 502
258 522
239 531
222 531
204 528
184 517
173 496
207 498
224 501
240 500
269 502
240 504
223 505
206 502
