72 398
75 447
83 493
96 538
116 580
141 617
175 649
214 674
258 683
303 675
343 648
377 612
402 570
419 524
430 477
437 430
439 379
96 343
119 320
152 310
186 309
219 319
279 322
311 310
348 307
383 315
409 337
249 368
250 400
250 431
251 464
222 495
237 500
253 503
270 498
286 493
133 376
154 362
178 362
201 380
177 382
153 383
302 378
324 360
349 358
370 370
350 378
325 379
203 574
220 547
242 532
257 536
270 531
294 545
313 570
295 594
273 606
257 608
240 607
220 596
213 571
242 552
257 553
271 552
302 568
271 577
257 579
241 578
