27 238
34 287
47 333
66 376
90 415
121 444
158 468
197 487
236 491
271 480
301 453
328 422
349 386
363 345
372 302
379 257
377 210
64 176
89 154
121 146
155 148
185 160
255 157
280 144
307 139
334 142
358 156
225 208
228 238
232 267
237 297
203 329
220 333
236 335
250 331
264 325
101 217
121 202
146 202
167 220
146 226
120 227
273 215
292 194
317 192
336 205
320 217
295 219
174 395
198 378
221 366
237 370
252 365
271 375
290 390
272 406
254 414
238 417
221 417
198 411
185 394
221 387
237 387
252 386
278 390
252 389
237 391
221 391
