106 311
101 349
103 389
110 427
122 464
140 499
161 532
187 559
224 569
264 566
301 549
336 526
366 497
385 462
397 422
407 380
413 335
121 279
141 265
166 265
191 273
211 286
265 288
294 277
325 274
354 282
375 300
233 319
228 347
223 376
219 405
189 417
205 425
222 432
241 428
261 424
140 313
158 304
178 308
195 323
175 324
155 321
279 328
300 314
321 315
339 326
322 332
300 332
162 450
183 447
206 446
222 452
243 450
276 456
307 463
276 496
244 509
221 509
202 505
181 487
171 454
204 456
222 459
242 459
299 465
244 488
222 488
204 483
