55 255
68 307
87 357
106 404
133 446
172 481
219 506
267 525
313 527
352 511
381 478
407 441
427 399
438 352
444 305
443 256
435 209
88 196
112 164
149 145
190 141
230 151
311 144
340 129
373 125
404 132
424 155
278 207
285 239
292 270
299 302
260 341
280 342
299 344
314 338
329 333
139 233
162 216
190 213
219 229
193 234
164 238
324 219
346 197
373 195
397 206
378 216
350 219
223 407
252 385
283 372
301 375
318 370
343 380
367 396
346 429
323 445
304 449
284 449
254 437
234 405
284 392
302 392
319 390
356 398
320 416
301 420
282 420
