24 231
25 284
32 333
40 382
58 427
89 464
125 494
168 520
216 530
264 521
304 495
339 462
369 421
389 375
399 325
407 274
410 219
55 177
82 152
118 143
155 146
187 161
255 158
288 141
327 136
366 146
391 177
220 209
219 246
219 282
218 320
177 344
197 349
218 355
239 350
260 344
88 213
112 200
137 202
161 221
135 221
110 219
277 220
300 200
326 198
349 210
328 217
303 219
131 392
163 384
196 378
218 384
239 378
271 384
304 389
272 425
241 443
217 447
193 444
162 427
143 394
195 398
218 401
240 397
291 391
239 414
217 418
194 415
