45 328
48 374
56 415
66 456
82 492
106 523
133 551
166 574
203 582
242 579
279 560
314 537
343 506
365 468
377 425
387 376
394 326
53 282
76 264
108 258
139 261
168 272
227 274
265 266
303 265
341 273
372 294
200 319
199 353
198 386
196 419
169 439
183 444
198 449
214 447
230 444
91 317
111 303
135 305
155 328
131 331
107 328
253 332
274 310
300 309
324 325
302 335
275 335
145 485
164 476
182 471
197 477
211 475
234 485
261 495
233 510
211 516
195 515
179 511
163 503
154 486
181 483
197 486
211 487
251 494
210 493
196 493
180 489
