25 306
27 348
33 387
42 425
57 461
77 493
102 522
130 547
164 558
201 554
234 533
262 507
287 475
307 438
319 397
329 354
334 309
39 261
56 241
81 235
107 240
132 252
198 254
225 242
255 238
284 246
305 268
162 299
161 329
160 359
159 389
134 408
147 413
161 417
177 414
192 409
68 298
84 285
106 286
123 307
103 309
82 307
211 309
228 290
250 289
268 303
251 311
229 312
105 454
127 447
148 441
163 445
177 441
201 448
227 456
201 478
179 487
163 488
147 486
126 475
115 456
148 457
163 459
177 458
217 458
178 467
163 468
148 465
