106 449
109 501
118 550
128 599
148 644
178 686
213 723
254 755
297 766
338 757
374 728
406 695
435 657
455 615
467 567
475 518
478 468
141 425
168 403
205 398
242 405
274 422
337 425
369 410
403 406
434 413
458 434
305 473
305 512
305 551
305 591
267 610
285 616
303 621
322 615
339 610
180 466
203 453
230 455
251 476
228 481
200 480
354 479
375 458
400 456
420 469
402 481
377 483
235 659
266 654
291 649
307 654
323 648
344 653
365 659
343 682
323 694
305 697
287 695
263 683
246 661
290 668
307 670
323 667
355 661
322 669
306 671
289 669
