59 353
66 403
78 451
94 498
116 542
145 583
180 619
222 646
267 653
313 641
352 607
384 566
409 521
425 473
432 424
437 375
437 324
77 318
95 292
126 280
159 281
191 293
269 288
301 273
337 270
371 279
396 303
231 340
232 374
234 407
236 440
209 471
225 474
242 475
259 470
274 465
117 355
136 338
161 337
183 356
161 362
135 362
290 349
310 329
336 327
358 341
338 350
312 351
186 535
207 514
231 502
250 505
267 499
296 504
324 517
303 560
276 577
256 581
236 581
210 569
198 534
232 521
251 520
269 517
314 519
272 544
254 548
234 547
