79 314
79 362
82 412
89 460
106 502
136 537
172 567
211 593
251 604
289 597
324 572
355 543
379 511
396 474
410 434
419 394
425 354
142 278
169 261
202 259
234 265
263 279
322 287
352 279
381 284
406 295
419 319
289 329
288 357
287 384
286 412
247 431
263 437
278 444
292 442
305 440
178 317
200 309
222 313
237 331
218 331
195 327
325 343
344 329
366 331
382 345
366 349
345 348
187 470
222 460
254 460
271 465
290 464
310 472
327 484
305 514
283 525
263 526
243 522
215 506
194 473
252 474
269 478
288 478
319 486
285 503
265 504
247 502
