39 273
43 329
54 381
69 430
94 473
124 513
161 548
202 574
246 581
289 571
327 541
360 504
386 464
408 419
422 371
432 319
438 264
76 231
104 215
140 210
174 215
205 230
274 228
307 211
344 204
381 209
410 229
240 280
240 315
240 350
239 386
204 410
221 415
240 420
258 415
275 410
110 277
133 267
160 269
183 287
157 292
131 290
297 287
319 268
346 266
369 275
349 289
322 291
175 476
196 460
221 451
239 456
256 451
280 460
306 474
282 504
259 516
239 518
219 517
196 505
186 476
221 471
239 472
256 471
295 474
257 487
239 489
220 487
