45 387
39 437
43 487
56 534
82 575
114 615
148 650
189 677
235 690
283 683
324 659
360 626
390 588
412 546
429 499
440 449
441 398
85 317
115 303
146 305
176 311
201 326
259 331
294 318
331 314
368 318
399 335
233 385
231 423
231 461
230 500
193 527
212 534
230 539
249 535
267 532
104 373
128 359
157 364
178 388
154 392
124 389
293 392
319 370
350 371
372 386
352 400
322 400
169 587
192 580
216 573
230 579
248 575
274 585
301 596
275 616
249 625
231 625
214 622
191 611
178 589
216 593
231 596
248 595
289 597
248 598
231 599
215 595
