2 278
1 321
9 362
19 403
31 443
51 480
77 512
107 538
145 545
186 538
225 515
259 487
288 450
307 408
317 361
325 313
327 264
7 224
18 198
45 186
75 187
101 198
157 193
189 179
226 175
261 184
283 209
129 250
127 283
125 315
123 347
98 375
112 380
128 383
146 380
163 374
34 263
49 249
71 249
93 264
71 269
48 270
181 258
202 241
227 240
248 252
229 261
203 262
88 444
98 425
114 414
125 418
138 414
159 425
182 443
161 460
142 469
128 471
114 469
100 461
97 442
115 435
126 437
139 435
172 441
140 442
127 444
115 442
