18 272
20 321
28 368
41 415
60 457
88 494
124 524
166 547
211 556
254 547
293 520
328 486
354 447
372 405
385 360
394 314
398 266
56 216
79 194
111 185
144 184
176 194
249 194
280 183
315 181
347 189
369 213
213 247
213 276
213 304
213 333
181 371
197 375
213 378
229 375
244 371
89 258
112 242
139 241
160 263
137 268
111 267
266 263
290 242
316 240
336 256
318 267
291 268
151 443
172 419
195 406
211 410
226 407
248 419
270 443
249 467
228 480
211 482
193 480
170 468
162 442
196 426
211 427
227 427
258 442
226 450
211 452
194 450
