26 221
24 258
29 294
38 331
53 365
76 394
103 419
133 441
167 450
205 446
243 427
273 400
296 367
311 329
321 288
328 246
330 202
30 171
43 153
69 149
93 154
114 167
163 164
195 152
227 146
260 152
283 170
140 207
139 235
138 262
137 290
114 308
127 314
141 317
156 313
171 310
55 208
70 195
92 196
109 216
90 219
67 218
189 216
207 196
230 194
248 206
234 217
211 219
104 356
116 346
133 341
145 345
160 341
188 349
214 358
193 385
167 399
149 401
134 397
117 383
113 359
133 357
146 359
161 358
205 359
164 375
147 376
134 372
