80 285
76 328
76 374
85 419
105 460
134 495
167 526
207 552
250 562
295 556
334 532
369 501
400 466
424 427
438 384
442 340
442 295
112 216
137 200
167 195
198 196
226 208
305 210
337 199
371 198
402 207
425 226
265 260
263 294
261 328
259 362
222 384
239 390
257 396
276 392
294 388
140 266
164 260
186 260
208 270
185 272
163 271
320 274
346 265
368 266
389 274
368 278
344 277
167 429
204 424
235 420
255 424
277 422
307 429
341 435
306 462
275 472
252 473
230 469
201 457
178 432
234 439
255 442
277 441
328 438
276 444
254 445
232 443
