10 255
12 297
21 338
34 377
54 412
77 446
105 477
141 500
179 505
217 494
249 469
273 437
295 400
310 362
320 321
327 276
326 231
34 186
47 164
72 153
99 153
123 163
199 158
221 146
248 142
273 150
295 164
158 202
159 230
159 257
160 285
140 321
153 324
166 326
180 320
194 314
60 223
76 207
99 205
120 219
100 224
77 226
209 209
227 194
250 193
268 204
251 211
228 211
117 388
133 369
154 357
169 360
186 353
211 362
234 377
215 407
191 423
173 428
156 427
135 418
127 388
155 377
170 376
186 374
225 379
189 395
172 399
156 397
