168 384
165 432
168 479
171 526
181 572
205 611
241 642
281 669
325 679
373 674
418 652
458 623
488 585
507 542
519 496
527 447
529 397
185 337
209 317
241 312
273 320
303 334
360 337
393 324
429 320
464 327
493 346
328 377
325 411
322 445
318 481
291 505
304 511
320 517
338 513
355 509
216 375
238 362
262 365
283 386
259 388
234 385
386 390
408 372
432 371
454 385
434 394
409 394
260 558
282 548
304 543
321 550
339 544
366 553
397 565
366 582
339 591
320 591
301 588
280 577
270 559
303 563
321 567
339 565
386 565
339 564
321 566
302 562
