53 339
53 391
58 443
65 495
83 543
111 583
148 617
192 644
240 654
289 648
332 621
368 587
395 546
413 500
425 451
436 401
440 351
91 277
118 254
154 246
191 251
224 266
298 267
331 254
366 252
398 264
419 291
259 321
260 354
261 386
262 420
222 457
239 462
257 466
275 464
292 460
127 325
152 311
179 313
202 335
176 338
149 336
309 340
333 320
359 320
380 336
360 346
333 346
171 524
205 511
236 503
254 509
272 505
298 516
322 533
296 555
270 562
250 563
230 560
201 549
183 525
234 524
253 527
271 526
310 532
270 536
252 536
233 533
