100 351
98 391
103 433
109 474
120 512
143 547
168 580
198 611
238 621
282 616
325 593
366 568
400 537
420 498
429 455
435 409
438 363
110 322
128 300
158 293
187 299
213 313
254 311
285 298
321 295
355 302
383 320
234 353
229 383
225 413
220 444
198 464
211 472
226 478
242 472
259 468
139 354
155 342
179 344
197 360
177 364
154 363
283 360
302 345
326 346
345 357
327 366
304 366
175 510
194 503
212 498
225 504
242 499
271 506
303 510
272 530
244 540
225 542
210 540
194 530
184 512
212 517
225 520
243 517
293 512
244 517
225 519
212 517
