13 274
5 320
2 369
5 415
16 459
37 498
66 531
101 556
139 571
177 570
212 555
242 532
266 502
285 468
298 431
308 392
311 352
69 225
97 208
130 206
161 215
188 234
244 250
265 246
287 251
305 262
313 283
208 291
204 319
201 347
197 376
157 399
170 407
183 414
196 415
209 414
94 270
115 257
139 263
155 291
133 288
109 283
237 314
257 295
278 299
290 321
276 324
255 320
114 453
141 441
165 436
175 444
187 444
202 460
213 482
193 496
176 498
163 495
149 490
131 476
123 454
160 458
172 463
183 466
204 479
180 470
168 467
157 463
