158 428
164 476
173 524
186 570
209 611
242 646
283 674
333 693
387 696
438 682
478 652
511 615
537 575
555 531
564 484
566 435
565 386
186 360
208 336
241 324
276 321
309 330
386 319
420 304
458 300
496 306
525 327
352 375
356 409
359 441
363 473
327 508
345 511
364 513
383 507
400 501
224 398
247 383
273 381
297 396
274 401
248 403
410 385
433 365
458 363
484 375
462 383
437 386
289 576
319 559
348 547
366 549
385 544
414 550
446 561
419 585
392 599
372 603
353 604
323 597
300 575
349 567
368 566
387 563
433 562
389 572
369 575
351 576
