97 387
100 434
109 480
121 525
142 564
173 597
211 624
251 647
296 651
340 640
377 613
411 581
437 544
452 502
457 455
458 408
455 361
122 332
145 309
177 299
211 299
245 305
302 299
333 286
366 280
399 285
426 301
276 355
279 385
281 413
282 444
251 480
268 481
285 483
300 479
316 475
159 371
180 358
205 356
226 370
205 377
180 378
328 362
346 344
370 341
393 350
374 362
350 365
211 539
239 526
266 515
285 519
305 513
333 520
364 528
335 548
309 559
288 563
268 562
241 556
223 539
267 538
286 538
306 535
352 530
307 535
287 538
268 538
