41 341
38 395
41 447
50 498
68 545
98 587
134 621
179 647
229 654
280 644
324 619
364 587
395 546
417 500
430 450
438 399
440 345
66 282
93 253
133 244
172 248
207 264
269 263
304 245
345 243
385 254
412 282
233 315
231 353
229 391
226 429
184 456
205 464
227 470
251 464
274 458
101 320
123 306
148 308
173 328
147 326
121 325
295 328
319 308
345 308
370 322
346 327
321 328
146 519
177 503
207 495
228 501
252 495
284 504
316 519
285 542
253 557
228 561
204 558
175 545
157 519
206 518
228 520
252 517
305 518
252 529
228 533
205 531
