122 416
124 465
131 512
145 557
166 598
193 635
227 665
267 688
311 695
354 689
393 669
425 638
449 600
469 559
484 515
494 467
496 418
151 346
177 327
209 321
241 323
270 335
337 339
367 328
400 327
434 334
462 352
303 391
303 424
302 456
301 490
271 521
286 526
302 529
319 526
336 522
183 395
206 382
232 383
253 403
229 407
204 406
361 406
384 387
410 387
432 401
412 410
386 410
249 594
270 571
291 559
307 562
323 558
348 572
372 593
349 613
326 622
308 624
291 622
271 613
261 593
291 579
307 580
324 579
360 592
325 594
308 596
291 594
