51 360
53 405
61 450
77 494
103 534
137 568
172 600
210 625
253 628
299 616
343 591
381 556
412 518
433 472
437 420
433 367
425 317
57 307
74 285
102 275
132 272
162 280
229 269
260 252
295 246
331 248
363 262
196 323
198 357
199 390
200 425
176 457
193 460
211 462
230 453
248 445
88 340
107 322
131 320
155 338
132 342
108 344
261 322
281 298
307 293
333 303
312 315
286 320
154 509
176 497
199 487
218 489
236 481
270 483
311 483
278 510
249 525
228 530
208 531
183 526
166 509
201 507
220 506
240 501
300 487
243 500
224 505
205 506
