94 164
91 205
94 248
101 290
117 330
141 366
168 402
198 435
235 447
276 442
319 424
358 398
389 366
410 323
420 274
427 225
429 177
96 121
117 102
146 100
175 107
200 121
255 117
287 105
322 102
356 107
386 121
227 164
224 199
221 234
217 269
190 283
204 291
220 298
240 291
258 286
125 159
142 148
165 153
186 172
162 173
139 171
281 174
300 154
325 154
350 165
328 174
304 177
164 317
187 319
208 317
223 323
243 318
275 322
314 319
278 354
247 369
226 371
209 367
188 350
175 325
208 335
224 338
243 336
302 325
245 342
226 344
210 341
