15 170
19 220
31 270
47 316
74 355
107 389
144 419
186 438
224 439
254 430
277 406
296 375
315 341
331 304
344 263
350 220
347 177
71 124
99 98
139 86
179 88
217 101
274 103
300 91
325 88
347 94
358 114
247 160
250 194
254 227
259 260
213 288
231 293
248 296
263 292
276 285
112 162
137 145
165 147
187 170
163 175
134 174
277 169
297 144
322 142
337 157
324 169
299 171
183 356
210 344
235 333
247 337
259 332
273 340
284 350
271 373
258 386
245 390
230 391
206 382
194 356
233 353
246 353
257 350
276 352
258 356
246 359
233 360
