121 213
117 259
120 307
127 354
142 399
163 440
191 475
222 504
264 517
313 516
360 500
403 473
440 439
469 396
488 347
499 294
504 240
143 147
164 126
195 122
225 129
251 145
317 145
349 130
386 128
421 137
449 159
279 193
274 228
268 262
262 297
233 322
248 330
266 337
288 332
310 327
171 192
190 178
214 180
235 201
211 202
188 200
341 205
364 187
389 187
412 203
390 210
364 209
208 384
228 371
250 364
269 371
288 367
318 378
351 393
316 411
286 418
265 418
246 414
225 404
218 386
249 388
268 390
287 391
339 394
286 391
267 391
248 388
