126 171
120 211
121 253
127 294
138 335
153 373
173 407
197 436
232 447
279 447
331 432
382 408
426 375
457 333
472 282
479 226
482 171
122 105
136 91
157 91
179 95
200 105
257 103
289 89
325 84
361 90
392 108
223 152
219 181
213 211
206 241
192 272
204 276
217 279
234 276
252 273
140 160
152 145
173 145
194 163
172 168
151 168
283 162
300 142
326 142
350 155
327 164
303 166
178 339
189 322
205 311
218 315
231 310
259 322
292 341
261 360
235 366
219 366
205 364
191 355
188 339
206 335
219 335
233 335
280 341
233 338
219 338
206 336
