120 168
113 202
112 239
118 282
127 326
143 367
164 408
189 442
227 457
276 455
329 437
383 411
430 378
462 335
481 283
489 229
493 176
117 105
132 93
153 92
176 97
198 108
260 105
294 92
331 87
367 97
398 117
223 154
217 186
209 217
202 248
188 277
199 284
214 289
231 284
249 279
137 157
154 144
177 145
197 164
174 168
151 167
283 164
305 146
332 146
355 159
333 168
307 168
172 333
187 323
204 316
218 321
233 316
262 324
297 333
263 353
235 364
218 366
202 364
187 354
181 336
204 336
219 337
234 335
285 335
234 337
218 339
204 337
