73 209
76 250
83 291
90 333
101 371
120 403
149 427
186 442
229 446
273 443
315 431
351 411
376 381
393 343
406 302
415 261
420 218
91 144
108 118
137 102
171 97
201 107
271 109
303 100
338 105
366 120
385 145
233 155
231 176
230 196
228 216
201 256
214 260
228 263
244 261
259 257
122 178
141 161
166 160
189 175
167 180
142 181
283 177
306 161
330 164
350 180
329 183
305 182
171 334
193 304
216 288
229 292
245 289
268 306
291 335
267 349
242 352
226 352
211 351
190 348
183 331
215 309
229 309
243 310
280 332
243 332
227 332
214 332
