105 174
102 213
105 254
112 296
123 337
140 374
163 408
194 435
231 446
277 444
325 428
368 404
404 372
429 331
445 286
456 237
464 187
107 124
122 103
147 95
174 97
200 106
262 105
295 92
334 92
370 105
397 131
225 153
220 183
214 213
208 243
190 272
203 276
217 280
235 276
254 273
131 162
148 150
170 151
191 167
168 169
146 168
286 165
308 151
332 151
355 162
332 168
308 168
175 332
190 314
206 304
220 308
236 305
262 316
294 334
262 351
237 358
220 358
204 356
191 348
185 333
206 328
220 329
237 328
282 334
236 330
220 330
206 329
