91 174
90 216
94 258
104 300
121 339
144 373
173 403
204 426
240 435
280 432
320 415
354 388
384 355
408 316
423 272
433 223
435 173
103 117
120 101
146 96
172 97
199 106
255 106
286 94
322 92
357 100
386 121
224 153
221 183
218 212
214 242
196 270
208 273
222 276
238 273
255 271
126 161
144 148
167 148
185 167
164 171
141 170
281 167
303 149
328 147
351 160
330 171
304 171
181 335
193 317
209 307
225 310
238 306
262 317
289 335
264 355
242 362
226 363
210 361
195 352
191 334
210 327
226 328
239 328
276 334
239 334
225 334
210 332
