77 191
82 244
93 297
109 347
133 392
164 431
199 465
237 491
279 499
322 492
359 464
392 428
422 387
444 341
459 291
468 238
471 185
104 134
132 117
166 111
201 114
235 127
320 129
353 116
390 112
425 118
452 140
277 188
277 227
277 266
277 305
244 329
261 332
279 336
296 332
313 327
139 188
164 172
194 175
216 200
190 204
160 202
337 200
361 176
391 174
416 191
394 205
363 206
215 396
238 378
261 367
281 371
298 366
321 376
343 394
323 418
300 429
281 431
261 429
238 419
227 395
261 385
281 386
298 385
330 394
299 400
281 402
262 401
