63 159
68 204
77 247
92 286
111 325
135 359
163 387
196 410
230 416
264 410
296 390
325 363
349 331
366 291
376 249
381 204
381 161
89 108
113 91
145 87
176 91
205 104
260 105
286 92
317 88
347 93
367 112
231 153
231 185
232 216
232 247
203 272
217 275
233 277
246 275
260 272
117 156
138 146
162 147
182 165
160 170
135 167
278 166
298 148
322 146
343 158
324 169
300 170
180 335
197 317
217 306
233 309
247 305
267 316
285 334
269 355
249 363
234 365
217 364
198 356
192 334
217 324
233 325
247 324
274 333
248 337
233 337
217 337
