56 138
60 188
70 236
81 281
96 326
119 365
152 396
189 420
226 426
264 418
301 393
334 362
360 326
377 284
388 240
401 195
406 148
83 121
109 102
141 99
174 107
201 122
267 118
295 103
325 94
357 96
380 113
235 152
235 188
236 223
236 259
204 276
219 281
234 285
248 281
263 275
121 152
141 137
168 138
187 161
166 166
140 165
282 160
302 137
328 135
347 150
330 162
305 164
181 335
201 326
219 320
231 325
244 319
260 326
277 336
260 358
244 368
230 369
217 368
199 358
193 335
219 334
231 336
244 334
266 336
243 340
231 342
218 340
