68 161
70 206
77 248
86 290
102 328
125 365
156 399
192 424
231 432
272 424
310 398
343 364
368 325
385 282
397 240
406 197
410 151
86 127
112 111
144 106
177 111
211 119
260 117
292 108
326 102
358 107
386 123
233 156
232 188
233 220
233 252
204 277
218 281
232 285
248 281
263 276
121 162
142 150
166 150
185 166
164 169
140 169
281 165
301 147
325 147
346 158
327 167
303 168
173 332
196 324
217 316
232 321
247 316
268 324
291 331
268 355
247 366
230 368
214 366
195 356
184 335
216 333
231 334
247 333
279 334
247 340
231 342
215 340
