23 186
27 235
36 285
48 334
72 376
105 409
143 435
187 452
232 455
273 444
304 415
334 380
352 340
362 297
369 255
370 210
366 169
67 122
93 99
129 90
166 93
199 105
263 105
289 94
316 88
343 92
360 113
237 156
243 187
249 218
255 248
211 277
230 281
248 286
262 281
275 275
112 166
135 152
160 152
182 170
159 173
134 173
274 169
293 149
316 147
333 160
319 169
296 170
163 331
195 319
226 312
245 318
262 312
278 317
294 330
276 347
260 357
241 361
222 359
193 350
174 332
225 332
244 334
261 332
283 332
260 332
242 335
224 333
