33 162
37 211
46 258
57 303
76 345
105 381
141 411
184 435
228 442
269 433
305 403
333 370
353 331
364 290
372 247
379 203
383 159
81 110
106 92
137 87
168 91
196 105
266 104
291 92
317 88
344 94
364 111
233 153
234 184
236 216
238 247
206 271
220 277
235 280
248 276
260 271
114 160
134 146
161 147
182 165
159 170
133 171
276 165
297 147
321 147
339 161
324 171
299 171
175 334
199 316
220 306
235 309
251 306
270 315
289 333
272 355
253 363
236 364
219 362
198 353
188 333
219 328
235 329
251 328
278 333
252 335
235 336
220 334
