86 170
86 226
94 280
107 330
129 378
160 421
196 457
238 486
281 496
327 487
369 455
405 418
437 374
458 324
473 273
486 217
490 160
114 126
143 111
179 114
212 121
242 136
309 139
345 125
384 116
424 117
456 136
278 186
278 231
277 275
276 319
241 336
258 343
277 348
297 343
316 336
146 179
169 164
198 168
222 194
194 196
164 194
336 194
361 168
393 166
418 181
396 196
363 198
215 396
237 384
258 376
278 382
297 376
320 386
341 400
320 423
297 431
277 433
256 430
234 419
226 397
258 396
278 399
297 397
330 400
297 398
278 400
257 397
