45 158
47 204
55 249
65 292
84 331
111 365
146 394
186 417
226 422
260 412
290 385
317 353
338 318
354 279
367 240
374 200
375 159
76 128
105 111
141 107
177 112
210 124
267 118
293 106
321 100
350 100
368 119
240 156
243 190
247 224
250 257
209 276
226 281
243 286
258 281
270 275
115 161
138 148
163 150
184 168
161 171
136 170
277 166
296 145
320 143
338 155
323 165
299 168
167 330
200 323
225 315
240 319
255 314
271 318
289 326
271 347
256 355
239 357
223 357
199 351
179 332
224 331
240 332
255 329
279 328
255 330
240 332
224 332
