14 166
16 220
22 273
37 322
63 364
99 398
145 423
191 442
235 444
273 433
301 403
323 369
343 333
358 294
368 256
372 214
369 173
79 122
110 105
146 100
182 106
215 121
263 120
288 107
316 99
344 101
363 120
241 159
244 195
249 229
253 264
204 281
225 286
245 292
263 286
279 280
118 165
140 155
163 156
184 170
162 172
139 171
277 170
295 153
316 151
336 161
319 168
297 170
145 324
183 314
217 310
239 314
259 309
283 313
305 318
283 355
261 372
239 376
215 375
180 358
154 325
217 324
239 326
259 324
295 323
259 348
239 352
216 351
