126 199
123 245
130 292
145 337
166 383
191 428
221 469
254 503
296 515
346 509
393 485
434 452
465 410
486 358
497 302
503 244
501 185
128 148
149 134
176 136
203 142
229 153
296 149
329 134
367 129
404 130
439 145
263 186
260 227
257 266
253 307
230 331
246 339
264 345
285 339
306 333
155 184
173 166
201 166
224 193
199 196
172 195
328 194
353 168
384 166
410 184
387 196
356 197
221 400
234 388
251 379
269 386
287 381
321 392
358 405
325 429
295 436
275 436
255 431
236 420
233 401
252 397
271 400
289 400
345 405
291 407
273 406
254 402
