86 169
86 213
93 257
103 301
120 340
144 375
171 405
204 427
242 434
282 424
319 398
353 368
378 334
394 293
404 249
413 205
419 158
98 105
117 87
143 84
169 88
193 99
261 97
293 87
324 84
354 89
378 109
230 153
229 185
228 216
228 248
199 271
214 276
229 279
245 276
261 273
122 158
140 144
164 147
184 166
161 169
138 168
280 166
300 146
325 145
345 158
327 170
302 171
177 335
194 313
213 303
230 308
246 304
269 314
289 333
271 356
249 366
231 367
213 365
194 355
188 334
213 327
230 327
246 326
277 332
247 336
231 337
214 335
