20 164
23 214
30 263
41 310
65 350
102 383
144 410
188 429
232 431
269 417
297 383
325 352
350 320
365 283
373 245
376 206
374 166
65 128
95 105
135 98
175 102
211 116
274 118
299 106
327 100
355 103
371 124
243 160
246 196
250 231
254 266
207 286
227 290
247 295
264 289
278 281
111 166
134 151
161 153
185 174
160 178
132 177
277 172
298 148
322 146
342 159
327 171
301 173
149 324
192 327
226 322
243 325
258 319
278 319
300 314
278 340
261 353
244 358
226 359
192 353
160 326
226 335
243 335
259 331
289 320
259 332
243 335
226 337
