18 133
20 190
29 245
41 293
63 334
98 369
137 396
181 413
222 415
255 401
278 371
300 342
323 314
343 280
359 245
368 209
369 168
75 116
105 94
145 83
185 87
223 101
284 104
311 92
337 89
362 94
374 118
251 159
252 202
254 243
257 285
202 295
224 302
245 310
264 302
279 290
117 155
144 140
172 142
193 167
169 168
140 166
279 166
302 142
327 140
342 155
328 166
303 167
145 327
185 332
219 331
236 334
253 329
268 326
286 320
267 339
251 353
234 359
215 359
183 351
156 330
218 342
235 342
252 339
276 327
252 335
235 340
217 342
