113 187
110 228
115 268
123 308
136 345
154 380
176 410
203 433
239 440
281 434
323 416
360 392
391 362
411 326
422 283
429 237
431 191
108 121
122 103
146 97
171 99
196 109
262 112
293 99
328 95
362 103
388 125
224 154
221 179
218 203
214 228
199 265
210 268
223 270
238 267
255 262
128 170
143 155
165 154
187 170
165 174
143 175
283 169
305 153
329 153
350 167
329 173
304 172
181 337
193 313
210 301
226 304
241 299
266 311
297 333
268 353
244 360
227 361
211 361
194 354
191 335
211 322
226 322
241 321
286 331
242 335
227 336
212 336
