143 155
136 195
137 235
146 275
159 315
178 353
196 391
216 426
249 442
297 443
353 423
404 393
450 354
481 308
497 256
502 196
504 140
138 94
147 80
164 79
182 85
199 99
244 97
280 84
319 80
358 91
390 110
222 150
213 182
204 214
193 247
189 272
198 280
211 286
227 282
244 279
154 146
165 132
189 134
208 157
185 161
163 158
282 160
300 140
327 140
352 153
331 166
304 167
190 332
191 323
203 318
216 324
230 320
263 330
300 343
266 361
238 364
220 364
206 360
196 347
198 334
204 336
218 339
233 339
286 342
234 339
218 338
205 334
