78 146
82 190
92 235
104 275
127 310
155 340
182 371
211 395
243 404
277 398
311 375
341 346
369 310
387 270
396 226
403 180
406 133
70 107
94 93
122 97
151 103
179 117
248 115
284 102
319 95
355 96
383 116
217 157
218 201
218 244
218 287
183 287
200 295
219 302
239 296
258 291
100 151
120 140
148 143
170 165
145 168
117 166
275 165
298 144
327 141
351 152
331 167
302 169
152 314
180 327
203 327
218 334
235 329
260 331
291 325
262 355
237 370
219 370
201 365
178 347
162 321
203 337
219 342
236 341
281 330
236 344
219 345
202 341
