37 175
41 225
48 277
63 323
89 362
121 394
156 421
197 439
237 441
273 428
302 402
327 370
350 334
367 294
376 252
379 210
376 166
87 134
113 115
146 109
179 112
208 124
273 123
298 107
326 103
353 106
369 126
240 165
242 202
244 240
247 277
198 282
219 289
243 297
263 289
282 281
119 170
141 161
163 161
184 175
163 175
140 175
281 171
300 154
321 152
340 161
324 167
303 170
145 317
183 312
217 313
240 317
262 312
288 309
310 309
290 352
264 371
240 375
215 373
181 358
153 319
217 323
240 326
263 321
301 314
263 347
240 352
216 351
