38 151
41 202
51 254
64 300
88 339
121 373
156 400
196 418
238 418
273 402
296 370
319 339
341 308
359 273
372 235
377 198
373 158
73 118
102 98
138 93
175 102
206 119
269 117
294 102
320 93
346 92
364 107
242 163
246 202
252 240
257 277
206 295
229 299
251 303
270 294
285 284
109 161
133 147
161 151
183 174
157 177
129 174
281 170
300 144
323 140
342 152
328 166
303 170
154 321
192 326
227 324
245 326
263 319
282 312
304 300
284 327
267 344
248 351
228 353
194 346
163 323
226 335
245 335
264 328
296 307
266 327
247 334
228 336
