115 168
109 210
112 251
121 290
133 331
149 368
168 399
193 421
226 427
268 424
313 411
354 389
389 359
416 320
434 275
445 227
449 178
117 111
131 93
151 87
175 90
197 100
264 98
296 84
333 81
367 94
392 119
226 155
222 185
217 215
212 245
191 270
204 275
218 280
236 277
254 273
138 158
155 142
180 142
197 164
177 169
152 168
284 164
306 142
332 141
355 157
334 168
308 168
173 337
184 319
202 308
216 313
231 309
258 320
287 338
258 353
232 359
216 360
200 358
185 351
183 335
203 331
217 332
232 332
276 337
231 333
216 334
201 332
