61 164
70 223
82 279
97 333
124 382
164 423
207 458
248 492
293 503
336 493
372 459
403 420
428 376
445 328
456 278
465 224
467 169
110 144
140 126
177 123
214 131
248 147
305 146
338 133
374 129
410 136
437 154
286 196
289 238
293 280
297 323
255 340
274 347
294 353
311 347
327 340
151 190
175 174
206 176
230 203
202 208
171 205
333 208
355 184
386 183
408 200
388 215
358 215
217 400
246 391
273 384
293 388
311 383
333 389
353 398
334 425
313 438
293 441
272 439
246 427
231 403
272 403
292 404
311 403
341 401
312 407
293 409
273 407
