27 160
27 208
32 259
46 307
70 348
102 381
140 407
183 426
225 430
261 422
289 397
311 364
329 327
345 286
356 245
359 202
355 160
84 108
111 91
145 87
178 90
208 105
261 110
285 98
309 93
334 93
352 108
237 151
241 184
245 217
249 249
209 274
226 279
243 283
257 278
269 272
115 155
137 143
161 144
179 160
159 163
135 162
277 162
294 145
316 144
331 156
318 163
296 164
174 334
199 315
226 304
242 309
259 304
276 314
284 334
274 356
257 367
240 370
222 369
197 358
185 333
225 331
241 331
257 330
275 334
257 335
241 337
224 336
