86 167
84 209
88 251
95 292
109 331
133 367
162 401
195 431
234 443
277 438
318 415
353 382
381 345
400 304
409 259
416 213
417 166
96 126
113 104
142 96
172 98
201 109
259 111
291 98
326 94
361 103
387 125
227 155
225 189
222 223
218 257
194 279
207 285
222 289
239 285
257 280
125 160
143 150
166 150
187 167
164 169
142 168
282 166
305 151
328 150
350 161
329 169
305 169
170 326
190 321
208 316
224 321
240 316
266 322
298 328
268 352
244 361
226 363
207 359
191 347
181 328
208 331
225 334
241 333
287 329
242 333
226 335
208 331
