121 163
115 201
117 240
125 280
138 319
155 357
177 393
199 422
233 434
275 433
326 417
373 391
412 357
442 317
457 269
465 217
468 166
120 111
131 95
151 92
172 97
193 111
259 109
294 95
332 89
370 98
399 121
224 158
218 189
210 220
203 251
187 275
200 281
215 286
233 281
252 276
135 154
150 143
173 144
192 163
170 166
148 164
284 163
306 146
331 145
354 158
332 168
306 168
177 333
184 318
201 310
217 315
233 310
262 320
293 335
266 360
238 370
220 370
203 367
187 355
187 334
203 332
218 333
234 332
282 335
235 340
219 341
203 338
