101 173
96 213
98 254
107 295
122 334
139 371
160 406
186 434
220 443
260 440
301 424
338 400
371 370
398 332
415 287
424 240
429 194
109 118
124 98
149 90
176 91
200 104
267 106
298 94
332 95
365 105
388 128
229 155
225 185
221 216
216 246
193 274
206 279
220 284
238 281
256 276
131 162
145 148
168 151
189 168
165 172
143 171
284 170
302 151
328 151
351 165
328 172
303 173
167 328
186 319
205 314
222 319
237 315
266 321
297 329
266 352
238 362
221 362
203 359
185 349
176 331
205 332
222 334
238 333
287 332
238 335
222 336
205 333
