98 167
101 220
111 272
124 322
142 372
168 417
201 456
239 488
284 498
334 492
384 467
429 431
466 386
492 334
509 278
522 220
530 159
109 134
132 113
168 110
203 118
236 135
312 135
349 118
391 111
434 115
470 136
273 188
270 231
266 273
262 315
233 332
249 340
266 346
288 340
309 333
147 182
168 169
198 172
225 194
195 199
165 197
338 195
362 173
394 174
423 188
396 201
364 202
213 391
231 380
250 374
269 381
289 376
316 384
348 396
318 421
290 430
270 430
249 426
230 413
224 392
250 394
270 397
289 396
335 397
290 396
270 398
251 394
