35 140
38 190
46 237
59 281
83 319
115 349
148 375
182 397
216 400
246 392
270 368
292 339
315 305
335 270
348 233
358 194
361 151
81 118
109 99
142 93
176 98
207 112
261 115
287 102
313 97
339 100
357 117
234 160
233 198
234 236
235 273
198 277
214 284
232 291
247 284
261 275
114 155
136 145
163 147
183 166
159 172
133 170
268 165
288 146
313 144
329 154
315 169
291 172
171 325
196 317
218 310
232 314
245 309
259 315
273 321
258 339
245 348
230 352
215 351
195 342
182 325
218 324
231 326
245 323
264 323
244 326
231 330
217 329
