42 139
48 189
60 237
74 281
92 324
119 362
154 393
193 417
236 422
279 415
314 389
344 355
365 316
379 274
389 231
399 186
403 139
79 120
108 102
145 98
181 104
215 116
265 116
294 103
326 96
358 100
381 120
234 154
235 191
235 229
235 266
201 281
217 288
235 293
252 287
267 280
116 152
136 139
162 140
184 161
160 165
134 164
277 161
297 140
323 138
343 151
326 164
299 166
175 332
197 323
219 317
234 322
248 316
268 322
289 328
269 352
251 362
235 365
219 363
197 353
185 333
218 334
234 336
248 334
279 330
249 335
235 337
219 336
