39 162
46 211
58 257
68 302
84 344
111 381
146 411
187 434
231 441
273 433
309 408
337 375
359 338
371 295
379 251
388 206
392 162
83 122
109 103
142 96
175 100
206 112
261 110
290 99
320 97
348 102
369 121
235 154
236 184
237 213
238 243
205 267
220 273
235 278
249 274
262 268
118 160
139 149
164 150
184 167
161 172
136 171
276 167
295 149
320 148
339 160
322 171
299 172
174 334
196 314
219 303
235 308
251 304
270 315
289 335
270 354
250 363
233 366
216 364
194 355
186 334
219 325
234 326
251 326
277 335
250 337
233 339
218 337
