67 170
70 212
77 251
82 292
93 332
113 367
143 397
181 424
224 434
268 431
307 413
339 384
364 348
380 308
391 266
401 223
406 178
88 125
110 103
142 96
176 100
208 113
254 111
286 98
319 94
353 98
378 120
232 149
231 180
231 210
230 240
199 266
214 271
229 274
246 271
261 267
119 164
139 154
163 152
184 164
163 168
139 170
281 165
304 154
328 154
348 166
328 172
304 170
171 328
193 311
215 299
230 305
248 300
270 312
293 332
270 351
247 359
228 360
211 357
190 346
183 328
214 324
230 325
247 324
282 332
247 330
229 331
213 328
