60 133
64 181
73 227
83 274
99 316
126 354
160 388
197 415
238 425
281 417
322 391
359 357
390 320
409 277
418 230
425 180
428 131
82 118
108 102
141 103
171 112
200 126
257 130
288 116
321 107
356 107
386 122
228 165
228 201
227 237
227 272
198 286
213 291
229 297
245 290
262 284
115 158
135 147
160 151
181 172
155 175
131 171
282 174
301 153
327 150
350 161
330 174
304 176
168 320
193 322
215 320
232 325
246 320
270 320
302 315
273 344
249 357
232 359
214 357
193 347
177 325
214 336
231 338
247 335
293 320
248 336
232 340
214 337
