60 166
66 212
77 255
86 297
100 336
123 371
155 399
192 419
233 427
274 419
312 397
345 369
369 335
383 296
392 253
401 209
408 163
83 114
107 95
137 91
167 98
194 112
263 108
293 94
324 91
355 97
378 117
232 154
232 186
232 217
231 249
201 272
216 278
230 282
246 278
261 273
115 163
136 147
162 147
185 167
161 171
135 172
277 167
299 147
325 147
346 162
327 171
301 171
173 330
195 315
217 306
232 312
248 308
271 317
294 330
271 353
248 362
231 363
214 361
193 352
184 332
216 329
232 330
248 330
282 332
247 333
231 335
215 333
