-4 171
3 221
13 270
26 316
52 355
92 384
139 410
185 430
229 438
267 428
296 400
322 367
342 331
354 291
363 249
369 207
367 165
62 134
91 109
130 95
172 95
208 110
259 110
285 96
315 93
344 103
359 126
238 155
244 184
250 212
256 241
211 269
229 273
247 278
260 274
272 269
111 164
133 152
158 152
179 167
157 170
132 170
269 167
290 149
313 148
331 160
315 168
292 169
171 335
203 320
229 309
243 313
256 307
273 319
287 335
274 353
258 359
244 361
227 360
202 353
183 335
228 329
243 329
256 328
276 335
256 335
243 336
228 336
