89 164
86 208
91 253
101 294
118 331
140 362
166 389
194 409
226 419
261 414
302 397
344 375
381 344
410 309
431 266
442 219
446 167
96 109
118 94
147 92
176 97
203 111
261 117
291 103
324 98
358 103
384 121
229 158
227 193
225 228
222 262
195 277
210 282
227 288
245 283
263 277
122 154
141 141
165 144
187 164
162 166
138 163
280 166
300 145
324 144
347 156
326 165
302 167
171 327
189 315
211 304
227 308
244 304
270 312
296 326
272 352
247 366
229 369
210 367
190 354
182 328
211 322
228 323
244 322
282 328
246 338
229 339
212 337
