59 168
60 215
69 261
83 305
103 346
129 381
160 410
197 430
238 431
278 420
311 394
339 362
362 327
377 288
386 248
391 206
390 163
84 111
108 95
137 89
167 93
194 106
269 107
294 97
322 95
348 98
369 111
234 153
234 187
234 219
235 252
202 274
218 278
235 282
250 278
264 273
117 155
138 141
162 143
183 162
161 165
135 164
280 163
299 144
324 144
343 157
326 167
302 167
176 332
197 313
220 301
234 306
249 302
266 313
280 334
265 354
248 363
231 365
215 364
194 356
187 333
219 324
234 324
248 324
267 333
247 336
232 337
217 337
