36 114
39 170
49 224
63 273
87 317
120 357
157 391
197 418
236 423
268 408
293 373
319 339
343 305
363 265
377 224
384 179
383 131
82 102
111 89
145 89
177 96
210 108
272 108
296 96
320 89
346 84
369 92
238 157
240 194
242 232
244 269
206 282
222 288
240 292
256 287
269 280
117 147
141 136
168 139
188 161
165 165
137 162
278 160
299 137
325 133
346 143
330 159
303 162
174 334
197 323
222 317
237 321
252 316
270 320
284 327
271 357
253 373
237 378
219 377
194 365
184 334
222 332
237 333
252 330
274 330
252 342
237 346
221 346
