64 151
71 197
82 240
92 282
104 322
124 360
151 393
186 418
231 429
278 427
322 410
358 384
386 351
404 309
412 262
419 214
421 166
90 117
113 98
144 92
176 93
207 104
254 109
285 95
320 91
353 96
380 116
228 152
228 181
227 211
226 240
198 272
213 276
228 280
244 276
261 272
122 161
142 152
164 153
186 167
162 170
139 169
278 167
298 154
320 153
343 162
322 170
299 171
169 333
191 317
213 308
230 313
246 307
269 316
298 332
271 347
248 353
231 354
213 352
192 345
179 333
212 329
229 330
245 329
288 333
247 330
231 331
214 329
