91 150
93 195
98 238
111 280
130 318
153 353
181 386
206 417
239 431
279 429
323 412
364 385
401 348
429 304
444 252
452 195
455 135
93 116
108 99
134 100
160 107
186 119
247 117
282 103
319 98
356 102
389 119
218 160
215 198
212 237
209 275
189 284
202 294
218 301
238 296
259 289
121 157
138 147
160 149
181 167
158 170
136 168
281 168
302 151
327 149
352 159
329 169
304 171
177 316
196 324
213 326
229 331
245 328
276 329
312 322
277 352
246 363
228 363
211 357
195 342
186 322
212 334
229 339
245 338
302 327
245 344
228 344
211 339
