79 215
81 268
89 320
103 371
126 417
155 456
191 488
233 513
280 520
326 512
365 485
399 450
426 408
446 360
457 310
463 259
462 206
113 143
139 123
172 115
206 117
237 130
319 129
350 115
384 112
417 121
440 144
279 185
280 220
282 254
283 288
243 321
262 325
282 328
301 325
319 320
145 197
169 184
196 184
220 202
194 206
167 205
331 200
355 182
381 181
405 193
383 202
356 203
208 400
235 375
262 360
280 364
297 358
323 373
347 397
324 420
299 429
281 431
261 430
236 421
223 399
262 386
280 386
297 386
332 396
298 396
281 397
262 397
