0 180
4 245
15 308
35 365
69 416
111 457
155 489
205 511
250 511
285 498
311 463
336 424
362 382
383 339
398 294
405 246
403 198
90 153
130 138
174 133
217 138
259 151
325 154
349 145
373 137
396 135
412 147
295 194
301 236
308 278
316 320
255 340
276 346
298 353
316 347
329 337
134 183
165 167
197 167
221 193
193 197
161 196
323 193
344 167
372 164
387 181
373 195
348 196
201 408
240 396
277 385
294 391
308 384
321 390
325 401
314 426
299 442
282 447
263 448
231 436
214 410
273 407
290 408
305 405
315 404
301 413
287 418
269 418
