79 166
82 211
89 253
98 295
110 335
132 370
160 400
194 423
234 435
277 431
320 413
358 387
388 353
408 312
420 266
431 218
434 168
101 115
119 98
145 92
172 97
199 110
258 115
285 101
318 95
349 100
379 116
223 156
221 185
219 212
217 240
196 268
209 274
224 278
240 273
256 268
126 161
143 148
167 148
187 169
164 172
141 171
281 172
301 152
327 150
349 164
328 174
302 174
176 335
193 317
212 306
226 310
239 306
265 317
294 334
266 355
242 363
227 364
212 362
195 355
188 334
212 325
226 326
239 326
282 333
240 340
227 340
213 339
