50 147
55 197
64 244
74 290
93 333
122 368
155 400
193 425
235 434
279 427
317 402
353 373
383 338
402 296
410 248
416 199
418 149
78 123
100 101
133 96
164 100
196 113
268 114
298 97
331 92
364 97
388 118
231 163
231 199
231 234
231 270
199 287
215 293
233 298
250 292
266 285
119 162
138 148
164 151
185 174
161 176
135 173
281 174
301 149
327 147
347 161
329 173
303 175
160 319
191 324
215 322
233 326
248 322
273 321
305 316
275 345
251 357
233 360
215 358
190 346
170 324
215 336
233 338
249 335
294 321
250 337
233 339
215 337
