89 155
84 203
83 249
87 294
103 334
131 369
162 400
196 427
235 438
272 431
303 405
333 376
361 346
382 313
399 277
409 237
411 196
134 125
160 106
192 103
225 114
252 135
304 142
332 131
363 128
392 137
409 159
281 173
280 213
280 252
280 291
232 296
250 305
269 313
290 309
308 302
165 159
187 148
211 153
230 176
207 174
183 171
319 186
340 168
362 168
379 182
362 190
339 190
177 324
213 330
246 331
265 338
284 334
304 337
321 335
298 367
275 380
255 382
234 378
206 360
186 328
243 340
263 345
282 343
312 339
279 359
259 362
239 358
