-8 173
-2 229
11 284
33 333
66 373
110 403
160 424
209 437
246 437
277 420
294 391
312 356
325 319
335 281
345 244
349 207
344 169
76 115
104 93
141 83
180 86
214 101
282 107
301 99
321 97
338 100
348 114
249 158
255 187
262 214
269 242
223 278
240 281
257 283
270 279
282 272
118 162
140 146
168 146
190 167
167 171
139 171
271 169
291 149
314 149
328 164
316 174
292 175
180 335
213 319
243 309
257 312
270 307
283 314
290 327
281 354
269 371
255 376
239 376
210 363
190 336
242 327
256 326
269 324
283 329
269 348
256 353
241 353
