24 175
29 223
37 270
49 315
71 354
101 386
141 411
185 429
228 432
266 422
298 394
325 362
347 324
361 282
368 239
374 196
372 152
76 120
103 99
137 90
172 91
206 101
259 102
285 92
312 87
339 91
358 108
234 152
238 185
242 218
246 251
208 276
225 280
243 283
257 278
271 272
114 160
136 149
160 148
180 165
159 170
135 169
273 161
291 143
313 141
332 150
316 162
294 164
172 333
202 320
227 310
243 315
257 309
274 317
291 329
273 344
257 352
241 355
224 354
201 347
185 332
226 330
242 332
257 330
280 329
255 329
241 332
225 331
