53 135
57 172
65 206
74 240
88 272
108 299
130 322
155 339
185 343
215 338
243 321
267 298
286 271
300 238
308 203
314 166
316 128
68 101
83 87
105 83
127 87
148 97
192 91
215 82
239 79
263 83
282 96
171 131
172 158
172 185
172 211
153 228
164 231
174 234
185 230
196 228
92 132
104 121
123 123
139 138
122 141
103 140
209 138
223 121
243 119
259 129
246 139
226 141
132 275
147 264
162 256
173 259
184 257
201 265
219 275
202 288
185 293
174 293
162 292
146 288
140 275
163 271
174 271
184 271
211 275
184 275
173 275
162 274
