-7 167
-5 220
1 273
14 322
42 363
82 395
128 421
175 441
220 443
253 430
278 401
302 369
323 335
338 295
349 255
356 213
356 170
76 127
104 104
140 94
177 96
213 107
268 106
293 97
318 95
343 99
358 118
242 156
245 184
250 211
254 240
212 271
229 276
245 280
258 276
270 269
112 158
135 145
160 146
180 164
158 168
132 167
273 164
293 145
316 145
332 159
317 168
295 168
174 340
201 318
229 305
244 309
257 304
271 314
280 336
270 355
257 367
242 371
224 371
200 361
186 339
227 323
242 323
256 321
269 335
257 341
243 344
227 344
