83 178
84 219
90 261
99 302
115 339
139 372
167 401
199 427
234 436
273 430
313 407
349 379
380 346
399 306
409 260
416 214
419 167
87 118
110 103
140 99
170 101
201 112
259 113
291 101
326 98
361 107
387 126
226 162
224 196
222 229
220 263
193 282
208 286
226 290
244 285
264 281
120 167
139 155
163 156
185 174
161 176
137 175
280 174
301 154
326 153
350 166
328 174
302 175
161 318
188 318
211 315
230 318
246 313
273 316
308 317
276 346
249 357
231 359
211 357
187 346
173 322
212 329
230 331
247 329
296 321
248 332
230 333
212 331
