51 151
56 200
64 248
74 294
93 338
123 373
158 403
195 427
237 435
278 427
315 403
350 373
379 339
397 297
404 250
409 203
411 155
83 123
105 103
136 97
166 101
195 115
270 115
298 99
330 94
362 98
386 120
232 164
233 200
233 236
233 272
200 288
217 294
234 300
251 294
267 287
121 162
140 149
164 152
185 173
161 175
137 173
281 173
301 151
326 148
345 161
328 172
303 174
157 320
189 322
214 321
233 325
249 320
273 321
303 318
275 344
251 356
233 359
213 357
188 345
168 324
214 334
233 337
249 334
293 323
250 335
233 338
214 335
