69 154
71 199
78 243
87 287
102 330
125 366
154 396
189 418
227 426
266 420
302 397
334 367
359 330
374 286
385 241
396 194
401 145
89 115
108 98
135 94
163 96
190 108
271 108
298 96
328 92
356 98
376 118
232 154
231 189
230 224
229 258
199 275
214 280
231 285
247 280
262 273
118 159
137 145
162 146
184 165
159 170
134 169
281 165
300 145
326 144
347 158
328 168
302 169
172 329
193 317
215 308
232 312
247 308
268 315
292 327
269 353
248 363
231 365
213 363
191 354
182 330
214 325
232 325
247 324
281 329
247 337
232 339
214 338
