29 218
33 258
39 299
50 339
67 375
97 404
135 425
178 440
228 443
273 434
309 411
337 381
360 348
372 310
375 269
374 231
369 193
70 136
93 108
128 91
166 92
202 102
251 101
282 93
313 94
340 107
354 134
234 155
239 177
246 197
252 219
211 263
229 266
245 269
257 267
269 264
109 169
133 155
160 154
181 173
159 178
132 178
266 175
288 157
312 156
329 172
315 181
291 181
171 338
201 314
229 299
245 304
260 300
280 313
294 338
278 350
259 355
241 356
224 355
199 352
184 336
228 325
244 325
260 325
283 336
258 330
241 331
226 331
