49 171
50 215
56 259
66 301
84 340
110 375
145 403
184 423
225 428
263 422
293 399
317 369
335 333
350 295
363 257
371 218
369 178
85 123
109 102
141 92
176 93
206 105
264 103
291 95
319 96
344 104
361 123
238 155
239 182
240 208
242 235
206 263
222 268
238 273
252 270
264 266
118 161
141 149
166 150
186 168
165 172
139 171
277 170
299 152
322 152
339 165
324 176
300 176
171 334
195 313
220 300
234 306
251 302
269 315
285 337
266 350
249 355
232 356
215 355
193 349
183 332
218 325
234 327
250 325
274 335
250 329
233 330
217 328
