20 196
26 247
37 296
52 341
75 382
110 415
157 435
206 446
249 449
288 438
322 414
349 384
367 347
375 305
379 261
383 217
381 175
66 131
92 105
126 93
163 95
198 107
261 107
288 97
317 94
343 104
361 126
233 150
236 177
240 202
243 229
207 266
225 268
241 269
256 267
271 264
112 166
133 154
157 153
178 167
157 171
133 173
273 167
293 153
315 154
332 166
316 172
294 171
185 339
209 312
231 297
245 301
259 297
278 311
295 336
279 351
262 357
246 358
231 358
208 354
195 337
231 323
245 322
259 323
285 334
260 329
245 329
232 329
