-6 170
-5 222
1 275
14 323
41 362
81 393
125 421
171 443
214 446
248 434
274 405
298 372
321 337
336 297
348 257
356 216
355 174
81 123
110 101
145 93
181 96
215 107
269 106
294 97
318 95
342 99
357 116
242 157
246 184
250 212
254 241
212 273
229 277
245 282
257 278
270 272
113 158
137 145
162 146
183 165
160 168
134 167
274 165
294 146
317 145
332 160
318 168
295 168
174 340
201 318
229 306
244 310
258 305
272 315
280 336
270 355
257 369
241 373
223 373
198 362
186 339
227 327
243 328
257 326
270 336
257 340
242 344
226 344
