24 165
29 214
42 261
60 305
89 344
125 374
166 398
208 417
243 420
270 409
291 383
309 351
323 316
338 278
348 241
350 202
342 163
67 122
90 97
125 86
161 90
195 105
267 107
290 93
315 88
336 94
345 116
233 154
240 185
247 214
255 244
209 272
228 275
247 278
262 273
275 267
107 160
130 148
155 148
179 165
155 170
128 170
265 165
286 148
309 147
325 157
311 167
288 169
179 334
209 318
234 307
249 311
263 305
278 312
289 323
279 344
265 355
250 358
234 359
209 354
190 333
233 329
248 328
262 326
281 324
264 328
250 330
235 331
