60 140
65 187
75 230
85 274
101 316
126 351
159 378
192 403
228 412
267 408
307 385
341 355
370 318
388 274
397 228
406 179
409 130
85 116
110 102
142 103
172 110
202 125
256 124
285 109
316 102
349 101
377 115
228 158
229 191
228 223
228 256
201 275
215 280
229 285
244 279
259 274
120 159
141 149
165 149
183 167
161 171
137 168
283 168
305 152
328 150
347 160
330 170
306 170
173 328
195 319
215 312
231 317
246 311
266 318
290 326
269 348
248 357
231 359
213 357
193 349
185 330
214 330
231 331
247 329
280 327
247 331
231 333
214 331
