57 183
61 229
71 274
81 317
97 356
121 389
154 416
193 434
235 438
276 429
312 406
339 378
358 346
371 309
379 269
384 226
384 183
82 131
100 104
132 92
166 94
195 110
265 111
292 96
323 94
353 102
373 124
227 153
228 180
231 206
233 234
200 264
216 268
231 272
247 268
262 264
117 165
138 153
162 152
184 167
162 171
137 172
278 169
299 154
321 154
339 167
322 174
299 173
172 333
191 311
213 299
232 303
251 299
271 310
290 334
273 356
253 363
233 364
214 363
192 354
184 331
213 323
232 322
251 321
279 332
252 334
233 335
214 333
