74 388
72 425
75 463
86 503
100 542
120 579
144 612
171 644
207 655
250 651
297 628
342 599
380 562
405 518
417 468
420 417
422 367
78 340
93 326
114 323
137 327
160 337
220 333
250 318
285 313
320 317
352 332
187 380
183 412
179 444
174 476
161 500
171 507
185 511
202 507
220 502
99 386
114 373
136 374
158 391
136 396
113 396
245 388
266 369
291 368
314 381
294 391
268 392
150 547
163 540
179 535
193 539
207 535
238 540
273 543
241 567
213 578
196 580
181 577
166 565
160 549
180 552
194 554
209 552
262 546
210 554
195 555
180 552
