14 216
20 265
32 310
46 355
67 395
95 430
130 459
172 480
217 483
260 471
298 444
328 411
351 374
365 333
373 287
380 242
380 195
46 182
71 163
104 157
137 161
167 173
224 171
255 157
289 151
323 154
352 171
197 213
198 249
199 284
201 319
169 340
186 344
203 348
220 342
236 336
87 216
107 203
131 204
151 224
129 227
105 226
249 219
267 199
291 195
313 206
294 217
270 220
142 385
167 383
190 376
206 380
219 374
242 377
272 374
246 399
224 413
209 416
192 415
169 407
151 388
190 391
206 392
220 389
262 377
222 390
207 394
191 392
