49 368
51 419
60 471
73 521
92 569
121 611
154 650
189 684
232 697
278 690
326 662
371 626
412 584
443 536
458 481
466 423
469 363
59 323
78 296
110 291
144 296
176 310
256 311
293 296
335 291
378 297
410 323
215 371
213 404
210 437
208 471
183 505
198 511
213 515
232 512
250 507
95 369
116 352
147 354
170 381
144 387
113 385
280 381
304 355
336 353
363 369
341 386
308 388
169 586
185 567
203 554
214 560
228 554
253 570
278 591
255 617
231 629
216 629
202 627
185 613
181 586
203 579
215 581
229 580
265 590
229 595
215 596
203 594
