48 289
51 336
58 382
67 427
89 466
120 499
153 530
189 554
229 562
267 555
301 531
332 504
360 474
381 436
391 392
394 349
393 306
78 251
104 237
136 235
166 243
193 259
262 260
288 246
315 239
344 238
369 249
228 299
229 329
229 360
230 391
194 406
211 412
228 418
245 412
260 406
115 292
135 281
158 285
177 305
155 306
132 302
277 307
294 287
318 285
338 296
321 306
298 309
151 445
180 440
208 439
228 444
250 439
278 441
305 445
279 478
251 494
228 497
206 494
178 479
159 448
207 453
228 456
250 453
297 448
251 470
228 473
207 471
