81 320
83 372
88 424
100 473
123 515
157 548
198 575
241 595
281 601
314 592
340 564
364 531
384 496
397 459
409 420
417 382
419 344
155 280
183 261
216 253
251 259
281 274
336 281
358 270
383 266
406 272
418 291
308 322
311 349
315 375
318 402
277 435
292 439
308 443
320 440
331 434
187 320
209 307
233 309
251 330
229 332
206 330
339 334
358 316
380 316
395 332
380 340
358 339
243 500
268 482
293 471
305 475
317 470
330 481
337 501
327 518
315 527
302 530
287 529
266 520
253 499
291 490
304 491
316 490
329 499
316 501
304 503
291 502
