59 348
60 395
65 442
71 490
83 536
109 575
141 612
182 644
230 655
285 650
339 628
386 598
424 559
448 514
463 465
473 412
480 358
81 289
104 265
138 256
172 259
205 273
274 277
309 263
351 262
391 275
421 303
234 328
231 362
228 396
225 430
193 456
210 461
229 467
251 462
272 458
119 334
141 320
166 322
189 342
163 344
138 341
294 343
319 325
345 323
371 338
347 343
320 344
144 503
174 494
205 489
231 494
256 490
294 497
336 508
295 535
256 548
230 550
203 546
173 531
155 506
205 510
231 514
256 512
324 510
256 521
230 522
204 519
