8 264
10 314
17 364
25 415
46 460
78 500
119 533
165 559
210 568
254 559
294 530
329 497
356 457
373 413
383 366
391 319
392 273
59 214
89 194
125 189
162 193
196 207
263 208
293 195
327 192
359 200
378 224
232 256
233 290
234 325
236 360
187 379
208 386
230 393
250 389
268 384
101 256
124 244
150 247
172 266
148 268
122 265
277 270
297 251
322 249
343 263
324 271
300 272
134 428
169 413
203 409
226 415
249 412
277 421
302 435
275 468
246 486
221 489
195 484
163 464
143 430
201 426
225 431
249 429
291 437
247 459
222 461
198 457
