23 315
23 367
31 418
41 468
60 513
90 552
126 587
167 615
212 621
257 612
302 585
341 551
373 512
393 468
406 421
417 370
422 316
51 281
79 262
115 257
149 259
182 270
263 270
297 258
334 256
370 262
398 283
220 323
218 365
217 407
216 449
177 465
196 470
216 477
236 471
256 466
89 322
113 310
139 312
161 333
136 335
109 333
280 334
302 313
330 311
353 323
332 335
305 337
137 508
168 508
197 505
217 510
237 504
264 508
297 509
265 538
237 549
215 552
193 550
166 538
147 512
196 523
216 526
237 523
286 512
237 522
216 525
195 523
