109 399
111 452
118 505
129 554
151 599
184 639
222 671
266 694
311 697
350 680
380 646
406 608
429 570
446 528
457 486
465 443
467 398
161 365
193 348
229 344
263 351
293 366
351 363
379 351
406 344
434 344
455 359
327 412
328 445
331 477
333 509
294 533
310 537
326 541
339 536
350 531
202 411
226 399
252 401
271 422
248 425
222 423
361 419
381 397
405 395
423 406
409 419
386 422
248 583
279 574
307 566
321 570
335 565
354 572
370 583
353 608
335 621
319 625
302 625
277 614
258 585
306 589
320 589
335 587
360 586
334 594
319 598
305 598
