36 338
37 376
44 416
52 453
64 490
81 525
103 557
130 586
167 597
209 591
251 567
287 538
314 502
329 462
335 417
339 372
338 326
44 295
60 280
83 277
106 282
128 293
181 294
206 279
236 272
269 274
296 292
152 328
149 360
145 392
142 424
126 442
138 447
151 451
166 447
182 443
69 328
84 317
104 318
121 335
101 338
82 336
206 333
223 317
245 315
265 326
247 337
225 337
111 495
122 484
137 476
154 481
168 476
192 484
220 494
194 518
172 528
155 529
138 526
123 515
121 496
138 494
154 496
169 495
209 495
169 501
154 502
139 500
