42 258
45 302
52 344
63 384
82 421
110 453
142 482
177 509
214 519
254 512
294 488
330 456
359 418
376 375
385 327
393 276
396 225
56 225
77 210
105 213
131 221
156 233
218 236
248 222
279 212
314 210
347 220
190 271
191 307
192 343
193 378
164 386
179 393
196 398
214 392
232 387
91 262
109 252
131 255
150 276
128 277
105 274
243 277
261 255
285 251
309 261
289 273
265 277
138 413
159 416
181 414
200 419
218 414
248 414
281 409
253 446
224 462
204 464
183 461
160 446
148 419
182 430
201 433
219 430
271 414
221 436
202 438
183 434
