21 353
27 409
38 463
52 515
77 561
115 598
163 626
214 645
267 648
312 634
344 605
370 572
387 533
398 487
404 438
404 389
398 340
67 287
93 262
127 248
165 246
198 259
280 255
307 239
339 238
367 246
387 267
243 319
248 356
253 392
258 428
208 460
232 464
254 467
274 461
293 455
108 331
132 315
159 314
185 334
160 337
133 338
289 329
313 307
338 304
361 319
342 327
316 330
157 511
197 502
232 494
254 497
277 491
306 495
335 500
311 533
285 549
261 554
236 553
200 542
171 513
233 513
255 513
278 509
324 503
281 521
258 526
235 526
