33 301
35 348
42 394
52 437
70 477
96 513
129 545
167 570
207 578
247 570
286 546
320 515
346 478
364 437
374 393
380 348
380 302
58 251
79 231
110 223
143 227
173 239
245 239
275 228
306 225
337 233
358 254
208 290
208 324
207 356
207 389
175 413
191 417
208 421
225 417
240 413
93 292
114 277
140 279
160 302
137 304
111 303
259 302
279 280
304 279
324 295
307 305
281 305
148 472
170 455
193 446
209 449
225 445
248 455
268 472
249 496
227 508
209 509
192 508
169 497
159 472
193 466
209 466
226 465
258 473
226 481
209 482
192 481
