16 319
16 367
20 414
27 462
42 505
68 545
102 581
141 613
186 625
234 619
282 591
323 558
359 519
381 475
393 425
403 374
408 320
35 289
61 271
95 269
128 275
159 289
221 293
257 280
294 272
332 274
366 292
188 338
186 375
183 411
180 448
147 462
164 469
182 476
203 470
224 466
74 336
96 324
121 326
141 348
117 349
92 346
246 349
267 329
294 326
319 339
297 349
270 351
102 491
136 499
165 499
184 505
201 501
236 506
279 500
236 535
201 550
181 550
161 546
134 527
113 498
164 519
183 523
202 522
268 506
201 522
182 523
163 518
