53 373
55 416
61 459
72 502
89 543
113 579
143 614
177 643
216 654
259 650
303 627
342 594
373 554
392 509
406 463
416 414
420 364
65 327
87 314
114 314
142 322
167 337
228 338
258 324
294 316
330 317
364 330
196 375
195 407
192 440
190 473
169 499
182 504
196 508
211 505
228 501
90 372
108 359
132 362
150 384
128 388
104 385
257 386
275 363
303 361
328 375
306 388
279 390
150 555
166 547
182 539
197 545
213 541
238 551
268 559
242 584
217 592
200 593
183 589
166 577
160 558
183 559
198 561
214 561
257 561
215 564
199 565
183 561
