83 299
83 335
88 372
98 409
113 443
137 476
162 506
193 532
228 539
268 530
309 506
347 476
379 441
398 404
407 360
408 316
407 272
89 254
103 238
124 234
147 237
168 248
229 243
254 229
283 224
312 229
338 240
202 288
201 320
201 351
200 383
173 392
189 400
207 406
227 398
247 389
113 292
128 278
148 280
165 296
147 298
127 298
256 291
270 273
291 270
311 280
295 288
275 291
156 427
176 418
197 415
215 417
234 413
266 414
298 419
271 454
240 473
219 476
199 474
177 457
165 429
198 427
216 428
235 425
290 422
238 451
218 455
199 453
