37 309
30 345
31 383
38 420
54 455
79 486
105 516
134 541
165 551
199 544
233 524
263 498
287 464
305 427
315 386
319 344
318 304
50 252
63 235
84 229
107 231
125 241
181 237
205 225
233 223
259 230
279 247
155 282
153 309
152 336
150 364
127 384
141 389
154 392
169 388
184 384
71 288
86 275
107 277
122 294
105 296
85 295
197 291
215 273
236 271
253 284
239 291
218 293
106 433
120 416
141 410
155 413
174 409
203 417
228 431
206 462
179 479
159 482
142 479
121 464
113 433
141 425
156 426
175 424
222 432
177 458
158 461
142 458
