70 361
74 406
82 451
91 494
106 532
132 567
163 596
203 617
248 621
292 616
330 594
360 568
383 541
399 507
407 471
412 432
416 393
103 299
126 277
159 269
193 273
224 290
294 295
322 287
352 289
378 301
396 323
257 335
257 362
256 388
257 415
223 442
237 447
252 451
266 449
280 446
138 339
159 327
184 328
204 345
181 350
156 349
302 355
321 341
345 344
363 361
343 367
320 364
185 510
211 491
234 481
250 485
267 483
288 495
309 516
287 537
266 544
248 545
230 543
208 534
198 510
233 501
249 503
266 503
297 515
266 517
250 518
233 516
