37 359
35 394
41 433
54 472
69 508
86 545
106 581
130 613
165 626
207 619
254 597
299 567
341 531
372 487
383 435
385 381
382 327
37 291
50 279
65 272
85 270
104 275
161 268
189 251
222 247
255 251
286 267
129 330
124 360
118 390
113 419
107 454
119 459
133 459
147 455
163 450
57 346
69 332
91 329
109 344
91 354
70 356
188 335
206 315
230 311
252 323
235 336
210 339
106 519
112 505
125 494
138 497
152 490
181 497
215 505
188 534
163 546
147 550
133 548
118 539
116 520
129 519
141 517
155 515
205 509
157 518
143 521
130 520
