86 467
91 509
98 550
108 591
126 627
156 655
190 680
227 701
264 707
302 698
340 675
374 646
401 614
416 574
424 531
431 486
435 441
101 414
120 394
149 390
178 395
207 407
274 403
304 389
336 382
368 385
394 402
241 444
242 472
243 500
243 528
219 554
233 556
248 558
262 555
278 551
133 448
152 433
177 433
197 455
175 460
150 459
296 452
314 429
340 426
361 441
344 452
318 455
194 607
212 589
235 578
251 581
265 578
294 588
323 604
298 634
271 648
254 649
237 647
214 635
203 608
236 596
251 596
266 596
313 604
268 622
252 623
236 622
