30 313
34 361
44 408
55 453
75 496
105 532
142 563
181 588
223 597
265 588
304 564
340 535
369 502
388 463
395 417
397 371
395 326
57 275
83 257
116 252
147 258
177 274
251 277
274 264
300 258
329 259
358 268
214 314
215 348
216 382
216 416
183 435
199 440
217 445
234 439
251 433
97 314
118 302
141 304
161 323
138 326
115 324
268 326
286 307
309 305
332 316
312 325
289 327
132 473
166 473
197 471
219 475
241 470
273 471
307 472
275 505
243 519
220 522
197 520
165 506
143 477
197 487
219 489
242 486
297 475
242 495
220 497
197 495
