34 305
39 354
50 402
63 448
83 490
112 526
149 556
190 579
235 581
277 569
313 542
345 509
368 472
382 430
390 384
397 339
398 291
66 275
91 256
124 251
158 256
188 269
242 266
273 252
307 245
341 248
369 265
216 308
217 343
218 378
219 413
187 435
204 440
221 443
238 437
254 431
105 311
125 298
149 299
169 318
147 322
123 321
267 314
285 293
309 290
331 300
313 311
289 314
160 482
186 478
209 472
223 476
237 470
261 473
290 470
265 495
243 509
227 513
211 512
189 504
170 484
210 488
224 489
239 485
280 473
240 486
225 490
210 489
