26 287
31 332
41 376
52 418
69 456
96 489
128 517
168 536
214 539
257 532
294 509
323 482
344 454
359 419
365 382
368 344
370 305
56 225
77 201
109 190
144 194
176 209
244 210
272 201
302 202
330 213
348 235
210 253
211 279
212 305
213 332
180 361
195 365
210 369
225 365
239 362
92 261
113 249
137 248
158 265
135 270
111 270
256 270
275 256
298 258
316 274
298 281
275 279
146 431
171 411
194 400
211 403
227 400
249 411
271 431
250 452
228 461
211 463
193 461
170 453
159 430
194 420
211 421
227 420
260 430
228 434
212 435
195 434
