31 371
32 424
41 477
55 527
76 573
107 614
147 646
189 674
231 686
271 681
306 655
337 622
364 585
384 545
399 500
410 452
411 403
89 328
121 310
160 309
196 317
229 332
293 338
320 327
349 324
378 328
400 343
258 385
258 418
257 452
257 485
219 510
235 515
253 520
269 517
284 513
128 379
152 366
179 368
200 391
176 394
148 391
305 397
325 377
351 376
370 392
353 403
326 403
198 577
221 559
243 548
255 552
267 549
285 561
299 582
283 601
266 610
252 611
238 609
219 597
210 576
241 573
253 575
266 574
290 580
266 577
254 578
241 576
