36 307
40 348
51 389
63 427
78 464
98 499
125 529
155 552
193 558
234 549
273 526
306 495
331 456
346 412
356 365
366 317
369 267
39 243
52 224
75 217
101 216
126 224
185 213
215 197
247 190
280 195
306 211
158 274
157 304
155 335
154 365
140 397
152 402
165 403
180 398
194 393
70 292
84 277
107 275
127 290
108 297
86 299
210 280
230 260
254 257
274 269
258 280
234 283
132 465
140 445
156 434
169 437
185 431
211 440
237 456
215 477
193 487
174 490
159 489
143 481
142 462
158 454
171 454
188 452
225 456
188 462
171 465
158 464
