65 332
68 379
77 425
89 468
111 509
141 543
177 573
214 596
253 601
289 593
320 566
350 534
377 501
395 464
405 421
411 377
409 333
98 302
126 284
160 278
194 281
226 292
292 287
318 277
345 273
373 274
395 287
259 332
260 364
262 395
263 427
228 450
245 454
261 458
275 454
289 448
136 336
158 321
184 323
205 344
182 347
156 346
307 340
324 317
349 315
370 328
353 339
328 342
188 498
216 491
242 485
259 490
276 485
298 491
320 496
297 517
277 527
258 529
240 528
214 520
198 500
241 504
259 506
277 503
310 498
277 503
259 505
241 504
