86 459
83 502
88 544
98 586
112 627
133 665
160 700
191 730
229 739
277 734
329 713
379 683
419 647
445 601
460 550
468 495
471 441
86 405
102 389
127 387
153 392
177 404
229 397
267 381
307 374
349 378
385 397
201 447
196 475
191 503
185 531
174 564
185 568
197 571
214 566
231 563
113 452
129 438
153 438
173 458
151 465
127 464
265 453
287 434
314 432
338 444
317 457
290 459
161 634
172 615
187 603
200 608
215 603
246 617
283 631
249 653
220 661
203 662
189 660
174 652
172 634
189 628
202 628
217 627
269 632
217 631
201 631
189 630
