16 264
17 306
26 351
34 392
46 432
66 470
93 501
127 526
170 534
214 525
255 498
287 465
313 427
326 384
336 341
345 298
348 255
42 216
62 200
88 197
115 202
139 213
196 216
221 206
249 203
277 208
299 223
166 256
165 285
164 314
162 343
139 371
151 375
162 378
175 376
187 373
70 259
87 245
109 248
125 266
106 270
84 269
214 268
230 250
252 250
270 262
254 271
233 272
110 429
130 414
148 407
162 411
177 408
199 416
222 427
199 449
178 457
162 459
146 456
128 447
119 430
148 427
162 428
178 428
212 430
177 432
161 433
147 431
