19 246
26 292
34 336
45 381
65 423
95 460
132 490
175 512
217 518
256 507
290 479
318 444
338 406
349 365
354 321
357 277
356 234
59 196
81 173
115 161
150 165
181 179
239 176
265 162
294 159
320 168
338 189
213 230
216 262
219 294
222 326
189 355
204 358
220 360
232 356
244 352
97 237
119 223
145 222
163 245
142 250
117 248
254 243
275 224
298 221
313 235
300 246
277 247
143 406
176 400
204 393
218 395
230 391
253 396
277 401
254 431
234 444
219 447
203 446
176 435
153 409
204 410
218 411
231 409
270 402
232 423
218 426
204 424
