99 282
99 333
103 383
111 431
130 474
160 510
196 540
236 564
278 575
318 570
350 547
380 515
405 480
424 440
437 397
449 353
456 309
160 239
188 221
221 215
255 222
284 238
345 244
373 234
402 231
430 238
446 260
314 289
313 318
313 347
313 377
272 401
290 407
307 412
323 411
339 407
195 283
217 272
241 275
259 296
237 298
213 294
352 303
372 285
395 284
412 299
396 307
373 307
217 452
251 445
282 439
299 446
317 443
338 452
357 466
334 487
312 496
294 497
275 493
247 479
230 455
280 459
298 462
316 462
346 468
314 470
296 471
278 468
