41 293
38 337
45 380
58 422
76 462
100 498
124 531
151 557
183 565
219 560
253 535
285 501
312 463
332 420
345 374
356 326
360 278
52 237
67 223
90 223
112 228
133 240
191 238
224 223
259 217
293 225
317 244
167 289
164 324
161 359
158 394
137 416
150 423
165 427
182 423
198 417
68 287
84 276
107 279
127 297
105 303
81 301
215 297
234 278
261 276
282 287
265 301
238 302
131 481
140 471
154 465
167 470
181 465
201 471
220 480
204 500
187 512
171 514
157 512
142 500
138 481
155 482
168 483
182 481
211 479
184 485
169 488
156 485
