27 343
24 393
31 445
47 493
71 538
101 577
134 612
174 638
219 647
265 639
312 617
358 588
397 552
427 507
445 455
453 403
455 353
53 268
78 249
112 245
145 250
175 265
270 263
303 247
338 240
375 246
401 264
221 327
220 365
218 403
217 441
181 472
199 479
218 484
237 478
256 470
84 325
109 307
140 310
162 339
137 343
105 341
283 338
307 308
338 306
360 324
342 339
311 342
150 541
178 528
205 517
219 521
237 516
265 527
294 539
266 562
239 574
220 577
203 576
177 565
162 542
205 539
219 539
237 537
282 540
239 545
220 547
205 546
