7 270
12 315
25 360
39 402
56 442
78 478
106 510
142 531
183 535
223 523
257 498
286 465
306 427
320 385
329 341
338 295
341 249
29 217
46 196
73 184
103 184
130 194
184 186
214 172
247 169
278 178
300 199
163 238
163 270
164 301
165 333
140 361
154 366
169 368
184 363
197 357
62 254
77 237
100 238
121 256
101 260
77 262
207 248
222 225
247 224
268 238
251 247
227 250
130 429
143 408
159 398
174 402
189 397
208 403
228 420
212 443
194 456
178 460
161 458
145 449
140 427
161 416
176 416
191 414
218 420
191 432
176 435
161 434
