68 313
68 359
70 403
75 446
93 484
122 516
153 546
188 575
225 587
264 582
303 556
337 526
367 490
387 450
395 406
403 362
407 317
86 296
112 282
143 283
173 293
201 309
250 312
281 296
315 287
351 289
380 306
227 346
225 380
224 415
223 449
188 455
205 462
223 468
242 462
260 457
119 334
138 325
162 329
179 350
157 351
134 347
277 353
296 334
320 330
341 340
324 352
300 356
152 474
182 482
208 484
226 489
245 485
272 483
304 480
273 508
247 521
225 523
206 519
180 503
162 478
207 496
226 500
246 497
294 483
246 498
226 501
207 497
