70 375
70 423
74 469
81 518
98 562
126 601
161 634
201 664
243 675
289 669
333 641
372 605
404 564
426 519
438 470
445 420
446 369
96 317
120 306
148 306
174 314
200 327
272 329
304 310
341 301
379 306
410 323
235 370
234 411
233 452
231 493
201 509
217 515
235 521
255 516
274 511
122 367
144 357
168 359
187 379
164 382
140 380
298 381
319 361
346 358
369 370
349 383
322 384
173 562
197 557
223 552
240 558
257 552
285 557
315 561
287 592
260 606
240 607
221 604
196 591
183 565
223 570
241 574
259 571
302 564
258 577
240 579
221 576
