55 350
57 405
62 460
73 515
99 561
139 598
188 622
239 635
286 634
323 619
349 589
371 557
389 525
402 488
412 450
415 412
413 375
141 312
175 294
213 286
252 291
286 306
344 311
364 301
386 298
406 299
419 314
315 350
319 383
324 416
329 450
272 471
292 477
313 483
331 477
347 467
181 351
205 342
230 342
251 359
227 361
203 360
343 361
363 348
383 347
398 358
384 366
364 365
204 509
248 507
287 503
308 507
325 502
343 504
356 510
340 533
323 545
304 548
281 547
244 536
217 512
284 520
306 522
324 519
347 514
324 520
307 523
284 522
