13 307
13 354
22 402
32 448
47 491
73 531
105 567
143 597
189 607
238 599
285 575
325 541
358 503
379 459
392 411
403 363
407 315
37 271
60 254
88 251
118 256
146 268
231 268
263 256
297 252
330 259
356 275
186 318
184 348
181 378
179 408
152 433
166 438
181 443
199 439
216 435
76 319
97 306
124 308
142 327
121 330
94 328
241 329
262 310
288 310
310 323
291 332
265 333
115 478
141 465
166 459
183 463
205 460
236 467
269 477
237 502
206 514
183 516
163 513
139 501
127 480
165 482
183 483
205 482
256 479
205 486
183 488
164 486
