14 234
17 279
25 323
35 364
52 403
78 436
110 463
146 483
183 487
219 478
250 455
277 427
296 393
308 356
316 319
323 279
324 238
46 187
70 170
98 166
124 172
149 185
213 188
237 177
263 174
288 178
307 195
183 229
183 260
183 290
183 321
155 344
168 347
181 350
194 348
206 345
78 226
96 211
119 214
137 237
116 240
92 238
223 240
240 218
263 217
280 232
265 243
242 244
128 402
149 390
168 381
181 386
195 381
212 390
229 401
212 418
196 426
182 427
167 427
148 420
136 402
168 399
181 400
195 399
221 401
195 402
182 403
168 403
