66 324
74 374
87 424
102 471
124 515
156 551
195 580
241 601
289 605
336 593
378 569
416 538
443 500
458 454
462 403
464 353
463 304
101 260
126 235
161 227
198 230
231 244
294 239
327 222
363 214
398 219
425 242
267 289
269 322
270 353
272 386
236 420
255 425
274 428
292 422
310 417
144 302
165 285
192 286
216 308
191 312
165 312
318 303
338 279
364 277
387 291
369 303
342 306
206 488
233 469
259 458
276 462
294 456
321 465
351 477
325 501
300 514
280 517
262 517
235 509
218 487
260 477
277 477
295 475
340 478
297 488
278 492
261 491
