8 198
0 239
-1 283
3 327
13 366
30 402
49 438
74 469
106 484
146 486
189 472
228 449
261 418
286 383
306 344
324 300
337 255
20 149
38 135
65 135
89 145
111 161
183 171
216 167
250 173
278 191
294 216
138 219
130 251
122 281
114 312
88 328
99 337
112 344
129 345
146 346
41 198
59 188
83 195
99 220
77 219
53 213
188 240
211 224
238 229
256 248
235 253
209 248
64 380
81 372
97 371
109 379
125 379
147 393
168 409
142 426
117 428
101 425
87 418
73 404
71 383
95 387
107 392
123 395
158 407
121 402
105 399
92 393
