31 313
24 345
25 379
31 414
40 449
55 483
75 513
97 539
128 552
165 551
205 537
242 516
273 489
296 456
311 419
321 377
327 336
36 246
47 229
67 224
89 228
108 240
154 243
184 234
218 235
249 248
270 270
127 293
122 322
115 350
110 379
94 404
104 410
114 414
129 413
145 410
53 295
66 282
86 285
101 303
83 305
63 303
176 308
196 292
218 294
236 308
217 313
195 313
81 452
93 445
106 440
116 445
127 442
152 451
181 459
152 475
129 482
116 483
104 479
93 468
89 454
106 456
117 458
128 458
170 459
128 462
117 462
106 459
