54 282
58 333
69 382
83 428
99 473
126 513
162 546
201 570
243 579
282 570
315 543
345 510
370 475
388 436
399 393
406 349
405 302
90 256
119 237
153 233
188 237
219 251
284 252
310 240
339 238
368 240
391 256
250 297
251 331
252 365
253 400
216 421
232 426
250 430
266 426
282 421
128 297
151 284
177 286
199 309
174 312
148 309
298 311
318 290
343 287
364 301
346 312
321 314
177 468
208 466
234 461
251 465
266 461
287 465
311 467
288 494
267 507
250 510
232 507
207 496
188 471
233 477
251 478
267 475
301 471
267 480
251 483
233 481
