67 362
72 414
82 465
95 514
114 562
143 604
182 640
226 668
272 675
317 665
358 637
394 603
421 561
441 514
451 463
457 413
457 361
90 323
116 302
151 295
186 299
220 312
290 307
323 292
360 285
398 289
428 309
256 360
256 396
255 431
254 467
223 494
240 499
258 503
277 498
295 492
128 367
151 354
179 355
203 375
178 381
149 380
316 372
339 349
368 346
394 358
373 373
343 376
200 568
221 548
244 536
261 541
279 535
303 546
329 565
305 587
283 596
264 598
245 597
222 589
212 567
245 560
262 560
281 559
316 565
281 566
263 568
245 568
