21 254
21 300
30 347
42 392
66 430
101 461
141 487
179 511
213 521
247 517
281 494
314 465
344 431
364 390
376 346
384 299
382 250
53 196
82 184
115 185
145 191
173 205
242 211
270 197
301 190
333 191
362 204
209 251
210 288
211 324
212 361
178 384
195 387
212 390
228 387
244 384
83 244
106 233
132 235
153 258
128 261
101 258
265 261
285 240
312 238
335 251
315 264
288 265
147 440
170 430
192 423
210 428
226 423
248 430
269 440
251 459
230 468
212 470
193 467
171 457
156 441
192 440
210 443
227 440
260 440
229 442
212 444
193 441
