29 308
32 359
39 411
48 461
70 507
102 548
143 584
188 611
233 620
274 609
309 579
339 544
363 507
380 466
387 423
389 378
387 333
78 274
111 258
150 255
186 261
219 277
278 280
302 269
329 267
355 269
377 281
245 320
245 353
245 387
246 421
207 440
225 445
242 451
257 446
271 440
116 317
141 303
169 306
191 328
166 330
138 329
289 332
311 312
336 311
356 325
338 336
313 336
151 483
187 481
219 478
239 482
260 477
285 480
308 486
286 522
263 540
240 544
217 542
185 524
161 487
218 494
239 495
260 492
298 489
262 513
240 517
219 514
