71 313
72 363
78 413
87 461
107 504
139 538
177 567
218 590
261 599
301 592
333 566
362 533
387 498
405 457
416 414
425 370
430 326
129 268
157 249
190 242
224 247
255 262
316 265
344 253
373 250
401 257
419 277
287 312
287 341
289 369
290 398
249 425
267 430
285 435
301 433
316 429
167 310
188 298
213 300
231 320
210 322
186 319
325 323
345 304
368 303
386 317
370 326
346 326
198 479
231 470
262 463
279 469
297 465
319 474
339 486
316 507
295 518
275 520
256 517
228 504
210 482
260 483
278 486
296 485
328 488
295 491
277 493
259 491
