58 324
58 375
66 425
76 473
94 519
121 561
157 596
198 625
241 636
283 629
322 605
355 572
382 534
402 491
416 445
426 398
430 349
103 284
132 269
166 267
199 274
228 291
303 293
332 283
363 281
393 287
414 304
264 343
263 375
262 407
261 439
227 464
242 469
257 472
271 471
285 468
139 337
162 325
188 328
208 351
185 353
158 350
311 358
331 337
357 337
378 352
359 362
333 363
188 530
214 510
241 501
255 506
270 503
293 516
311 537
291 565
268 576
251 576
235 573
210 560
200 531
239 524
254 526
269 526
300 537
268 546
253 546
237 544
