3 359
2 401
4 443
14 482
34 519
56 552
84 582
116 602
151 602
191 594
231 574
267 554
301 524
326 489
341 449
351 405
358 360
11 296
24 268
51 257
80 256
107 268
166 260
201 245
237 244
273 258
295 287
134 320
130 352
126 381
123 411
99 441
114 446
129 449
148 444
166 438
38 336
51 315
76 313
99 334
79 339
55 341
187 329
210 305
233 305
251 325
234 331
211 331
83 504
101 491
119 484
134 487
152 482
177 484
214 486
181 506
156 514
137 518
120 518
101 514
94 502
119 499
134 498
153 496
201 489
154 495
135 499
119 497
