11 297
9 346
15 394
25 440
41 484
64 524
90 561
123 590
163 599
206 593
246 568
281 538
315 504
342 465
362 418
374 368
378 317
23 238
38 213
67 201
100 200
128 213
194 210
229 198
269 199
304 211
330 236
159 272
155 303
151 333
147 364
124 402
138 407
153 410
172 406
190 401
49 282
69 267
95 268
116 286
93 292
67 292
219 283
241 264
269 264
293 279
271 289
243 289
107 483
120 458
141 444
157 449
174 444
201 459
226 485
202 506
177 515
158 517
142 514
122 504
120 482
143 473
158 473
175 472
214 483
175 482
158 483
142 482
