17 291
20 330
26 369
32 409
44 448
65 482
92 514
127 536
167 543
208 537
242 515
270 486
290 452
303 414
311 374
317 335
320 295
41 237
57 216
83 207
111 209
137 220
201 221
228 210
256 206
283 214
301 236
167 265
167 293
167 321
166 350
138 376
152 380
167 383
183 379
198 374
70 277
88 264
109 263
129 278
108 283
86 283
209 278
228 263
250 262
268 275
251 282
228 282
104 426
127 414
150 407
167 410
183 406
206 411
230 423
206 442
185 452
168 454
150 453
127 444
115 427
150 426
167 427
183 425
219 425
183 428
168 430
151 429
