48 257
46 298
48 339
54 380
65 419
83 454
107 486
139 511
181 521
226 519
264 502
297 476
326 441
346 403
359 362
370 319
375 276
62 207
81 189
108 183
137 186
162 199
232 202
259 188
291 184
323 194
345 217
194 244
192 273
190 301
188 330
159 354
173 360
189 365
206 362
222 357
88 250
106 238
129 239
149 257
126 261
103 259
244 261
265 243
288 243
306 257
288 265
265 265
133 418
153 403
174 394
191 398
205 394
227 403
250 419
226 434
206 439
190 440
172 438
153 432
143 417
173 414
190 416
205 414
242 418
206 418
191 418
174 416
