55 304
51 338
52 371
59 405
72 437
91 467
113 496
139 524
172 536
211 533
248 515
282 488
311 456
330 417
339 374
342 329
342 284
59 257
71 243
90 240
110 242
129 249
180 244
206 231
235 226
265 231
289 246
154 288
153 317
151 345
148 373
131 394
143 399
157 402
172 398
187 394
77 293
91 279
111 280
126 299
109 301
89 300
202 294
219 274
239 271
257 284
242 293
221 295
114 426
129 427
146 424
161 428
175 424
203 426
234 426
206 451
181 463
164 465
148 462
132 449
122 431
146 438
161 440
176 438
227 428
178 442
163 443
148 440
