37 165
38 214
43 260
51 308
68 352
96 391
129 427
169 457
215 467
264 460
306 436
342 404
371 366
389 324
396 277
399 230
399 180
57 139
79 116
112 110
146 117
177 131
243 134
273 120
309 118
343 123
369 143
206 171
204 209
203 247
202 284
164 301
183 306
205 312
227 306
249 300
91 174
112 163
135 166
158 183
133 182
109 180
261 184
284 168
308 167
331 177
309 182
285 183
129 339
159 335
188 331
208 336
229 331
261 334
298 339
262 360
231 372
209 374
187 372
160 361
140 342
187 348
208 350
229 348
287 340
230 349
209 351
188 349
