43 356
46 396
53 436
62 475
78 511
102 542
133 568
170 589
211 595
254 587
293 568
328 540
354 505
368 464
375 421
379 377
379 334
69 308
88 287
116 275
146 274
176 284
227 281
254 267
286 264
317 272
342 291
201 328
202 355
203 380
204 406
176 436
190 440
206 442
221 438
235 434
107 342
125 330
146 329
164 343
145 347
124 347
247 340
266 324
288 323
308 333
290 340
268 342
137 483
165 476
189 469
205 472
220 468
244 473
274 480
246 499
223 507
206 509
189 508
166 501
148 484
189 486
205 487
221 485
262 482
221 486
205 489
189 487
