59 305
64 349
73 392
81 435
99 474
123 510
155 541
193 566
233 573
274 563
313 536
345 503
369 466
383 424
388 380
391 336
392 292
85 271
104 251
132 244
162 248
189 259
249 256
278 243
309 239
339 245
361 264
221 298
221 326
222 355
222 383
194 406
209 409
224 412
239 409
254 405
119 305
137 293
158 294
176 310
157 312
136 312
272 306
289 289
310 287
329 298
313 305
292 308
165 457
185 445
207 439
225 443
244 438
269 442
294 451
273 480
248 496
228 499
209 497
186 484
173 458
208 454
226 455
245 453
285 452
246 472
227 476
208 474
