62 317
62 361
66 403
74 444
88 483
108 518
134 549
165 574
205 582
248 583
289 564
325 538
357 503
379 464
392 418
403 370
409 321
75 299
99 279
132 278
165 285
197 297
247 294
279 279
314 272
348 276
374 296
218 334
215 369
211 403
208 438
177 451
192 458
209 464
228 458
246 452
104 332
126 323
151 324
174 340
149 345
124 344
266 339
288 322
312 320
334 329
314 342
290 343
150 491
172 489
194 485
210 491
227 486
252 492
281 498
252 517
227 524
208 525
191 523
170 511
160 493
193 501
209 505
227 503
271 499
228 499
210 501
193 497
