21 243
22 278
28 315
35 351
46 385
66 417
91 446
120 469
153 477
188 470
224 450
256 423
280 390
297 354
307 317
314 279
316 240
35 193
49 176
72 169
97 172
118 182
163 178
189 165
219 161
248 167
271 183
141 222
139 251
137 279
135 308
118 333
129 337
140 340
153 336
166 332
54 231
69 216
90 217
107 235
89 237
68 238
186 231
203 212
224 210
242 223
227 231
206 232
96 385
113 376
131 369
144 373
159 368
182 373
207 379
185 404
164 416
147 418
132 417
114 408
106 387
131 388
145 388
160 385
197 382
162 392
146 394
132 393
