31 253
35 298
43 343
51 389
66 431
90 470
126 502
169 526
218 536
265 529
304 505
336 472
359 431
374 388
385 343
394 296
397 249
55 181
77 154
109 142
146 144
177 159
246 158
279 144
317 142
350 155
371 181
213 215
215 242
217 268
220 296
187 341
202 345
218 348
234 343
249 338
88 232
109 220
136 218
160 233
135 241
108 242
266 231
290 217
316 217
338 229
317 238
290 238
162 420
184 402
207 389
221 393
234 387
256 398
279 415
259 442
237 454
222 456
207 455
184 447
174 418
207 410
221 411
234 409
268 413
235 422
222 424
208 423
