59 335
54 383
57 431
66 479
84 522
112 561
145 595
185 625
232 636
282 630
329 603
369 568
402 527
423 481
432 431
440 382
446 331
81 294
106 273
139 271
172 278
204 290
274 291
309 279
346 273
383 277
411 299
236 331
234 369
232 408
231 446
193 460
212 467
233 474
256 467
277 460
114 332
136 320
161 323
181 343
158 344
134 342
297 343
318 323
343 322
365 333
345 343
320 345
151 496
183 494
213 490
235 495
257 490
291 493
329 495
292 526
259 541
234 544
210 541
182 525
163 500
212 511
234 514
258 510
317 498
258 512
234 516
212 512
