16 266
15 304
22 340
32 375
48 407
70 436
93 461
119 484
151 493
185 488
219 468
249 443
276 412
292 376
300 335
307 293
309 252
18 218
30 198
52 189
77 190
101 199
163 196
191 185
222 183
251 194
272 212
135 247
135 279
135 311
135 342
110 356
123 362
137 366
153 361
168 357
45 250
61 237
82 239
99 257
80 259
58 258
179 256
197 237
220 236
239 248
223 256
200 258
86 393
105 392
124 390
140 395
159 391
185 393
215 393
187 415
162 426
142 429
124 426
105 414
94 396
124 403
140 406
160 404
207 395
160 407
141 409
125 406
