61 318
68 363
76 405
87 445
107 481
135 516
163 545
196 571
236 579
278 572
315 549
346 523
374 491
393 456
402 417
409 375
416 330
83 259
105 236
137 228
170 233
198 246
255 249
286 234
322 228
357 237
380 261
225 283
226 319
226 353
226 388
188 400
208 408
229 415
249 408
268 402
121 294
138 282
160 282
181 298
160 299
139 299
279 297
300 282
322 280
342 293
322 297
301 298
143 442
175 435
206 434
227 437
247 435
281 437
319 445
281 493
247 508
226 510
203 507
173 487
151 445
206 445
227 447
247 446
312 449
246 489
225 490
204 487
