29 394
29 430
35 468
46 504
61 539
84 570
110 601
140 628
175 636
215 627
254 602
289 570
318 535
337 494
344 451
345 405
342 360
29 350
41 334
62 330
85 332
106 341
160 335
187 321
217 314
247 316
273 327
137 382
136 409
134 436
133 464
119 488
130 493
142 496
156 490
170 484
56 387
69 374
91 374
108 390
91 396
69 396
186 383
203 363
226 361
245 372
230 384
208 386
106 537
120 528
137 522
149 526
164 520
191 523
223 523
196 551
172 564
155 568
141 567
123 559
115 539
139 540
151 541
167 537
212 527
168 538
152 542
139 541
