57 292
62 343
70 393
83 441
107 482
146 518
190 547
236 567
277 570
313 556
342 526
368 496
391 464
405 426
412 385
413 344
407 304
110 256
140 239
175 230
212 233
244 247
310 246
336 235
362 233
388 236
404 254
279 295
282 327
286 358
289 389
248 416
266 420
284 423
298 419
312 415
152 295
174 282
200 284
221 303
199 305
173 303
318 302
337 281
362 279
381 293
365 301
341 304
199 458
236 454
265 448
282 452
297 447
317 453
337 455
318 478
300 489
283 492
265 491
235 481
210 460
265 466
282 467
298 464
326 460
298 466
282 469
265 468
