12 290
13 344
23 397
37 446
59 494
88 539
124 578
169 608
218 617
267 608
311 578
347 538
377 494
398 447
410 397
420 347
423 294
50 257
78 236
116 232
155 238
190 253
267 252
301 240
336 234
370 238
393 256
227 304
227 340
227 375
227 410
189 437
207 441
225 444
243 440
259 436
92 310
115 298
144 300
166 318
142 322
113 321
283 316
306 298
334 297
356 307
337 319
309 320
158 509
180 486
207 473
225 478
244 474
268 487
286 509
267 532
243 542
222 543
202 542
177 534
170 508
206 501
224 501
243 501
274 508
242 507
222 508
204 507
