29 242
30 288
35 333
44 376
61 418
86 456
119 490
159 515
204 522
250 516
291 492
327 461
356 425
375 384
387 341
395 294
401 247
54 207
79 186
113 178
148 181
179 197
234 193
267 179
305 177
340 185
366 208
207 239
206 270
205 301
203 333
170 360
186 364
202 368
219 366
236 362
89 243
110 231
135 233
156 252
132 255
107 253
260 251
281 233
306 232
329 244
308 254
282 255
138 420
158 404
181 395
199 402
217 397
239 409
263 426
238 443
216 448
197 448
177 445
157 438
148 420
180 416
199 419
217 418
252 425
216 420
198 421
179 418
