88 419
91 470
98 521
110 571
136 614
173 652
214 686
255 712
297 719
337 712
372 684
404 650
434 614
457 574
472 532
482 487
486 442
139 371
168 350
203 341
240 342
274 357
349 363
382 353
417 356
448 371
467 395
310 411
310 444
310 475
311 506
270 528
289 533
307 540
325 536
341 532
181 413
206 401
233 403
255 422
230 425
203 423
356 429
379 413
405 415
427 429
405 436
379 435
217 578
251 566
284 560
304 563
323 562
349 570
373 584
349 622
323 637
302 639
279 636
248 618
227 580
283 577
303 579
323 579
363 586
322 614
303 616
282 613
