66 413
71 458
79 501
90 545
110 584
139 619
174 651
214 676
254 681
293 673
328 645
358 613
383 578
402 541
413 501
420 460
423 417
96 387
124 374
158 371
191 377
221 390
291 386
320 374
350 369
382 368
407 382
257 428
258 461
259 495
260 528
229 546
244 549
259 554
273 549
288 544
134 428
156 416
182 418
201 436
179 440
154 438
308 435
326 415
351 413
373 424
355 435
330 437
186 585
218 584
243 579
260 583
276 579
296 581
323 582
298 605
277 615
260 618
242 616
217 608
197 587
243 594
261 596
276 593
313 586
276 591
260 594
242 592
