90 191
91 242
96 293
105 343
124 390
152 432
186 470
226 501
274 513
324 506
372 478
416 442
450 397
471 345
482 291
490 235
493 179
108 136
134 118
169 113
203 118
237 132
311 131
347 115
387 109
425 117
453 141
275 183
275 220
275 256
274 293
243 323
259 328
277 332
294 328
312 322
143 190
165 176
193 176
218 196
191 203
164 202
335 196
358 176
387 175
411 188
389 201
360 202
214 399
235 382
257 372
276 377
293 373
317 384
345 401
318 426
294 434
274 435
254 432
233 422
226 399
257 392
276 395
293 394
331 400
293 400
275 401
256 398
