26 158
28 207
35 256
49 301
72 338
103 369
140 396
180 416
221 420
254 410
281 382
307 351
330 316
347 278
360 239
367 198
368 156
80 112
113 99
148 93
183 96
214 108
271 108
293 98
318 94
343 96
364 108
242 156
246 192
250 227
254 264
211 283
229 287
246 291
260 287
273 281
112 155
138 142
165 142
185 163
163 168
135 167
277 161
296 139
321 137
340 150
324 164
299 166
167 333
202 329
229 323
241 327
253 322
267 327
282 331
265 346
252 354
239 357
225 357
201 350
177 334
227 337
240 339
253 336
274 333
253 336
240 339
227 338
