66 202
71 258
81 312
95 363
117 411
148 451
188 483
232 508
277 517
324 508
371 482
413 449
446 408
467 359
481 307
492 254
499 200
96 148
123 122
163 112
203 113
242 126
313 123
353 112
395 111
434 123
461 150
277 185
277 219
277 253
278 288
244 321
260 325
277 329
294 326
311 323
139 194
164 179
194 179
219 199
192 207
162 207
336 200
360 180
391 180
415 195
392 208
362 207
211 396
232 374
257 363
276 369
294 364
320 376
345 399
320 418
295 427
275 428
255 425
231 415
224 394
257 389
276 391
294 390
331 397
294 394
275 395
256 393
