36 146
39 193
48 242
58 289
77 332
111 367
150 396
189 421
227 426
262 417
292 388
323 356
352 322
373 284
385 244
390 203
391 161
78 130
108 113
144 109
178 115
210 128
276 129
302 119
331 115
358 118
378 135
239 166
240 200
240 234
241 268
202 286
220 290
236 294
252 290
268 286
118 162
140 150
166 152
184 173
163 174
137 172
284 172
302 153
326 151
343 165
328 173
304 174
158 317
193 322
220 320
235 326
251 320
271 320
295 314
271 343
252 357
234 361
217 359
190 346
169 321
219 333
235 335
251 331
285 320
251 335
235 338
218 337
