97 160
98 201
105 239
114 274
129 305
149 338
174 369
201 399
236 410
279 406
316 382
353 353
382 318
402 279
415 236
427 191
433 140
95 115
117 101
146 97
175 99
202 112
259 113
290 97
326 90
364 96
394 115
224 153
222 186
219 221
216 255
196 272
209 277
223 282
239 279
257 276
124 159
141 146
166 147
187 167
163 173
139 171
280 168
301 146
328 145
353 158
331 172
303 173
174 324
189 313
206 305
225 311
240 306
264 317
292 333
267 348
243 353
225 353
205 349
189 339
182 325
206 322
225 326
241 326
282 332
241 327
225 327
206 323
