102 207
101 257
108 304
121 351
137 397
163 439
197 474
239 502
287 511
339 503
387 479
429 446
460 405
480 357
491 307
499 255
503 203
118 152
137 128
167 121
199 124
228 136
317 132
354 119
395 114
434 124
461 150
272 189
270 225
268 261
266 297
237 325
253 331
271 335
292 330
312 325
147 199
169 183
198 183
225 204
196 209
167 209
335 200
362 179
392 178
419 194
394 203
363 204
211 396
231 376
255 365
276 371
295 366
326 376
355 396
327 423
297 433
276 433
254 431
230 420
223 396
255 391
276 393
296 392
342 395
295 397
276 398
254 396
