123 170
118 206
120 244
128 284
137 325
151 365
170 403
198 433
238 441
288 435
341 416
391 392
431 363
456 324
467 275
472 226
475 179
120 117
130 98
153 90
177 93
201 104
255 102
290 87
331 83
370 91
402 115
224 153
217 181
208 207
199 234
189 271
201 275
214 277
231 272
250 270
141 162
156 149
179 147
197 164
177 169
155 169
288 161
309 144
335 144
358 156
336 165
310 165
177 340
183 317
200 303
214 308
228 303
259 315
292 336
262 353
233 363
217 365
202 364
188 357
187 338
202 333
216 333
230 332
278 334
230 333
217 333
202 333
