39 162
42 210
48 257
58 302
79 345
113 378
151 408
191 433
231 440
270 430
301 400
327 365
352 328
370 287
382 244
387 200
386 158
74 128
104 112
138 110
172 114
204 125
266 124
294 113
322 109
349 111
372 125
237 163
239 198
242 232
245 267
203 281
222 286
240 292
256 287
270 282
113 164
136 152
161 154
180 172
159 174
134 174
279 172
299 153
324 152
342 163
326 174
302 175
159 322
192 316
220 312
237 316
254 312
277 316
300 319
277 349
254 364
235 368
217 366
189 355
169 325
219 326
236 327
254 325
289 322
254 340
235 344
218 342
