140 238
135 281
140 327
150 372
162 416
181 455
211 487
244 511
284 522
334 519
387 505
440 485
483 455
510 412
527 359
539 302
547 245
136 161
151 133
180 121
211 120
242 131
317 127
357 112
402 108
445 123
479 153
270 189
264 220
256 249
249 280
231 319
245 323
261 326
281 322
305 319
163 206
181 186
208 185
231 208
206 213
180 213
347 204
372 179
402 178
429 196
405 206
374 207
204 402
222 377
246 361
263 365
281 359
317 375
353 398
320 419
286 426
266 428
248 427
224 420
217 401
247 391
265 390
283 389
339 398
283 395
265 396
248 395
