64 175
63 218
69 262
79 305
94 346
117 381
149 411
186 435
232 442
281 435
326 412
365 383
395 347
410 305
417 261
424 217
426 172
87 150
108 133
136 126
168 124
198 132
259 133
288 122
323 120
355 124
383 141
229 160
229 187
229 214
229 243
199 273
215 278
232 282
250 277
267 270
121 168
139 154
162 153
183 170
161 174
138 175
283 167
302 149
326 148
346 161
327 169
303 169
172 331
194 321
215 313
232 318
247 312
269 318
296 328
270 344
247 351
231 353
213 351
193 346
182 332
214 329
232 331
247 329
287 329
247 329
231 331
213 329
