17 269
15 307
19 346
27 384
39 421
58 455
81 488
106 516
139 529
178 528
222 513
262 488
295 454
316 413
329 367
340 319
344 271
25 215
38 200
58 194
81 198
100 210
161 211
191 200
223 200
252 209
278 225
129 263
126 294
123 324
120 355
102 374
113 381
126 385
141 382
156 379
50 258
64 245
87 248
103 270
83 272
60 269
177 273
195 253
219 253
239 268
222 277
197 277
86 418
98 408
115 405
127 410
144 407
170 414
198 425
172 452
146 463
128 463
113 459
98 444
94 420
115 419
127 421
144 422
189 425
145 441
128 441
115 437
