66 353
70 408
81 461
92 512
111 558
141 601
178 639
220 671
264 682
308 673
350 644
388 610
418 569
438 524
451 476
464 427
472 375
114 343
149 329
185 327
221 332
254 346
316 352
349 339
384 334
418 339
446 357
279 400
278 436
277 471
276 506
244 531
259 534
273 537
288 535
301 532
150 394
176 383
204 385
222 407
199 413
171 410
331 410
354 390
382 388
402 402
384 415
357 416
207 584
234 574
258 567
271 572
287 567
308 577
329 589
306 613
285 624
268 626
252 624
230 611
218 586
256 590
270 591
286 591
319 590
286 593
270 595
255 593
