40 288
45 334
53 379
61 423
76 465
103 502
134 535
172 563
213 574
254 566
296 542
331 513
359 477
377 435
388 390
397 342
402 294
56 259
79 243
110 241
141 246
172 261
245 263
275 247
307 242
338 247
364 262
208 311
207 339
206 369
205 397
180 419
193 426
206 430
222 427
237 423
92 307
115 295
141 297
162 318
138 322
112 320
259 321
279 301
306 299
329 314
309 326
282 326
154 480
173 467
192 461
208 466
224 462
247 471
272 486
247 504
225 510
207 510
190 508
172 499
165 480
192 480
208 482
224 482
260 485
224 484
207 485
192 482
