24 392
16 428
14 468
20 506
33 544
52 579
71 609
93 636
126 649
163 646
206 629
247 605
283 576
309 540
327 498
338 453
344 407
30 322
41 308
59 304
80 309
96 322
151 319
182 309
214 310
244 323
267 342
127 381
121 411
115 441
109 471
94 489
104 496
116 502
133 500
148 498
51 373
65 360
86 365
102 387
83 389
61 385
174 394
192 373
215 373
234 390
218 399
194 399
87 534
95 523
109 521
120 527
135 525
163 534
191 547
165 568
137 575
121 574
109 569
95 554
94 535
110 534
121 537
135 538
182 546
136 556
121 555
109 550
