80 322
82 376
90 427
102 475
123 519
153 556
187 588
224 612
263 616
299 605
333 576
366 543
397 507
419 465
433 420
445 373
452 323
108 287
138 270
174 268
210 273
243 286
314 285
347 274
380 270
414 272
439 289
279 333
278 373
277 412
276 451
238 465
255 470
272 476
289 470
304 465
143 329
172 319
200 320
220 341
196 344
167 341
331 343
356 324
383 322
404 333
386 345
359 347
199 516
228 510
254 505
269 509
285 504
307 508
332 509
307 536
286 550
269 553
252 553
227 543
210 518
253 520
269 521
285 518
320 512
286 524
269 527
253 526
