78 380
82 433
91 485
104 537
127 585
160 626
201 661
248 687
295 695
342 685
384 657
422 622
452 581
472 534
483 483
490 431
492 378
120 326
146 303
182 293
218 294
252 307
331 305
364 291
401 288
436 299
460 324
290 358
290 392
291 426
291 460
254 490
273 495
292 500
312 495
330 489
158 369
182 357
208 357
233 373
208 376
182 375
347 371
371 355
397 353
421 365
398 373
372 373
211 552
241 534
271 527
294 532
315 527
344 535
375 550
347 587
318 603
295 605
270 603
240 587
222 552
272 546
294 549
315 547
365 551
316 577
294 579
271 577
