86 402
93 447
105 488
122 528
145 564
172 597
206 624
245 644
286 646
325 633
359 609
388 578
408 542
423 502
426 458
426 412
425 366
99 359
123 340
156 333
188 333
220 343
281 332
309 316
343 310
376 312
402 328
250 381
252 415
254 450
256 485
227 504
244 509
261 512
277 505
293 497
134 392
154 379
179 377
202 394
179 400
154 401
301 385
321 364
346 360
369 369
351 381
326 385
211 562
230 551
249 541
265 544
279 538
302 542
329 545
309 569
288 581
272 585
256 586
234 580
222 562
251 551
267 551
282 547
318 548
285 562
269 566
253 566
