25 304
21 338
23 376
33 413
46 450
64 487
83 522
108 554
140 564
179 558
224 533
264 501
298 465
322 425
334 381
339 333
341 288
18 246
31 232
50 231
71 236
90 244
143 238
179 227
213 223
246 230
274 247
122 294
119 326
116 358
113 390
95 409
107 416
120 420
135 415
149 412
41 292
55 279
76 281
91 299
73 302
53 301
172 300
189 282
212 280
231 292
215 301
193 304
83 458
95 446
113 441
125 445
141 441
171 447
198 454
173 479
145 492
127 494
113 491
96 479
93 461
113 462
126 463
143 461
187 458
143 466
126 468
113 466
