80 418
86 464
98 507
111 550
128 589
155 623
190 652
229 676
270 682
310 670
348 644
384 613
411 577
427 535
435 491
444 448
447 403
102 384
128 365
161 358
194 361
225 372
295 369
325 356
358 353
390 358
416 374
260 418
261 452
262 487
263 522
234 541
248 546
263 551
277 546
291 541
141 422
161 407
187 410
209 430
185 434
159 433
310 427
329 405
356 402
378 415
359 426
333 430
201 581
226 578
248 575
263 579
278 575
299 578
326 581
300 604
279 614
263 616
246 615
224 605
211 585
248 590
263 592
278 590
314 584
278 592
262 594
247 592
