77 315
79 365
87 415
97 463
116 508
147 548
186 582
230 607
276 614
318 603
355 574
388 541
412 506
426 464
436 422
444 378
449 332
124 281
155 263
192 261
227 270
258 284
320 285
350 274
380 270
409 274
430 293
289 328
289 362
290 397
291 431
251 450
269 454
286 458
302 454
318 450
164 331
187 317
214 319
234 339
211 342
185 341
331 342
352 323
376 325
395 339
377 347
353 347
203 493
239 490
268 485
284 489
302 486
324 491
349 494
323 519
301 531
282 534
264 532
236 520
216 497
266 504
284 506
302 504
337 498
302 505
283 507
266 505
