52 348
56 394
65 442
81 490
100 536
128 576
158 616
194 647
236 653
281 646
327 616
369 579
405 535
431 486
444 432
449 377
450 320
62 298
86 284
114 283
143 291
172 304
230 297
267 281
308 272
350 276
386 294
204 355
201 395
198 433
196 472
173 496
187 502
204 506
225 499
245 493
92 351
112 337
139 340
163 362
137 366
110 364
266 359
288 336
317 333
343 346
321 360
292 364
157 553
174 536
196 525
212 530
230 523
261 532
293 544
265 572
238 586
218 588
199 586
178 573
167 554
197 550
213 552
232 549
280 546
235 551
216 553
199 552
