47 210
50 261
61 310
75 357
97 399
126 439
158 474
193 501
232 510
271 503
308 476
340 441
368 403
390 361
404 315
417 267
423 216
64 154
93 140
126 140
157 147
185 162
270 163
303 151
339 147
374 152
401 171
228 219
227 259
226 300
226 340
192 358
209 364
226 369
243 365
260 361
95 210
120 197
149 201
172 226
145 232
115 228
285 233
311 208
342 207
368 223
345 240
314 241
158 406
185 403
209 398
227 404
246 399
271 406
297 409
271 436
248 447
227 448
207 445
183 433
169 410
208 416
227 419
247 416
285 412
247 418
227 420
208 416
