26 167
23 210
27 254
35 296
51 334
70 369
93 403
121 432
156 444
194 438
229 415
262 383
289 348
309 308
319 265
327 220
330 175
45 118
64 102
91 99
117 104
141 117
198 119
227 108
259 105
288 114
308 137
168 157
166 188
164 219
162 251
134 271
147 277
162 282
178 279
194 275
68 159
88 148
109 150
126 168
106 169
84 167
214 172
233 156
255 155
274 168
257 175
234 174
108 335
126 318
147 310
162 315
176 311
199 322
218 338
198 364
175 377
159 378
142 375
124 360
117 335
146 329
161 331
176 330
208 338
176 347
160 348
144 345
