68 355
75 410
86 463
98 512
120 555
151 591
185 625
222 652
264 661
305 650
340 619
371 585
398 548
416 505
426 458
436 411
443 359
104 350
138 337
173 334
210 338
244 351
302 349
332 336
364 329
396 330
422 345
270 391
271 427
271 463
272 499
233 509
251 516
269 522
288 515
304 508
149 388
173 378
198 379
219 398
196 399
171 398
317 396
337 376
361 373
383 383
365 394
341 397
196 549
226 546
253 543
268 548
285 543
307 546
332 547
308 581
285 597
267 600
249 598
224 582
207 552
252 554
268 557
285 555
322 552
285 573
267 577
251 574
