88 149
90 193
99 235
113 276
129 316
151 357
178 393
208 423
245 433
287 429
332 408
371 378
406 341
431 298
445 249
452 197
455 145
96 114
114 99
141 100
167 107
194 118
251 121
285 108
323 99
361 100
395 115
222 158
219 191
216 223
213 255
195 276
207 281
221 285
237 281
254 277
128 153
144 143
167 144
185 162
163 164
141 163
281 163
300 146
326 144
349 155
328 164
302 165
186 331
196 319
211 312
226 319
239 314
264 323
292 336
268 359
243 370
227 370
211 365
197 353
196 333
211 334
226 336
240 336
281 336
241 337
227 338
212 334
