-9 160
-8 215
-3 271
9 324
39 367
81 399
126 426
176 443
220 441
253 426
276 391
302 359
329 326
348 288
361 249
366 209
364 168
68 122
102 104
141 97
181 101
216 116
272 116
296 105
321 100
346 99
363 115
246 161
251 197
257 233
263 270
207 290
228 295
249 300
267 294
282 285
113 156
139 144
165 146
186 166
162 167
136 166
276 166
295 145
317 144
335 154
320 164
298 166
155 330
195 328
228 324
245 328
259 322
273 322
286 321
271 343
257 357
242 362
223 362
192 353
166 333
227 342
244 343
259 338
276 327
258 335
243 340
226 340
