104 164
101 204
105 243
115 284
128 324
146 363
169 398
198 431
236 445
284 443
336 422
383 391
422 352
446 305
458 253
466 201
470 147
105 115
118 97
141 94
166 97
190 109
251 107
286 97
323 95
359 104
390 124
219 156
214 190
208 224
201 257
187 281
199 287
213 292
231 288
250 283
130 154
146 143
170 144
190 164
166 166
144 163
279 167
299 149
325 147
349 159
327 169
302 170
174 330
186 323
204 320
221 326
237 321
269 325
306 332
272 353
242 363
223 364
206 361
188 349
183 333
205 338
222 340
239 339
294 335
239 341
222 342
205 339
