60 171
65 216
74 261
85 304
101 345
125 381
155 414
191 439
229 448
268 439
307 417
342 388
371 353
390 311
399 266
407 219
413 173
79 135
101 110
134 101
168 103
199 117
262 115
294 103
328 100
361 110
383 133
231 161
231 194
230 226
229 259
198 274
213 280
229 285
245 279
262 274
119 167
140 155
165 157
184 175
162 175
138 175
281 174
301 156
325 155
345 167
327 174
304 175
159 319
186 308
211 304
230 308
251 305
278 311
308 321
279 351
252 365
229 367
208 364
183 351
169 322
211 320
230 322
251 320
298 323
251 344
230 346
210 342
