1 167
3 220
9 272
23 322
51 364
88 398
135 423
184 439
227 442
261 431
286 402
307 367
324 329
338 289
347 249
351 210
349 171
76 108
108 89
145 82
183 84
215 98
268 104
290 94
314 92
336 97
350 112
242 152
246 183
251 215
256 247
214 275
231 279
248 282
261 278
273 271
110 152
134 140
160 142
182 161
157 166
131 165
273 162
292 144
315 143
330 155
316 166
294 167
173 341
205 321
233 310
249 313
265 307
279 316
286 333
278 353
266 364
248 368
231 369
203 363
183 340
232 331
248 331
264 328
276 333
265 335
249 338
232 339
