144 217
140 260
144 304
154 348
164 392
179 433
200 473
227 505
270 517
321 512
377 497
429 474
472 443
500 396
516 340
525 284
532 229
152 154
166 132
190 122
217 121
244 131
316 126
348 114
386 112
422 122
454 143
271 189
263 221
253 251
244 283
230 318
241 324
255 329
275 323
295 318
176 206
192 192
216 191
237 206
215 212
191 212
342 201
363 184
390 183
416 196
391 205
364 206
207 395
219 372
237 358
254 363
271 359
300 372
339 395
302 411
272 418
254 420
236 418
219 412
219 394
238 383
255 383
272 383
323 394
271 390
254 391
237 390
