107 145
106 189
113 231
127 272
146 311
168 347
188 379
210 407
241 418
279 415
322 395
363 368
398 336
425 295
439 248
444 197
445 147
105 105
120 91
144 92
169 99
194 113
253 111
285 98
319 92
354 94
385 108
222 156
218 192
214 228
210 263
190 277
202 285
218 290
236 285
256 280
130 146
146 138
168 141
187 160
164 162
142 159
282 164
303 147
328 144
353 155
331 166
305 168
182 326
192 317
206 312
221 318
236 314
261 322
289 333
263 351
239 357
222 356
206 352
192 341
190 327
206 326
222 330
238 329
280 333
237 331
222 331
206 327
