111 166
112 207
121 246
137 285
156 323
178 357
202 389
225 418
254 428
294 427
340 408
383 380
421 342
447 296
463 242
471 186
473 129
105 115
117 98
139 94
163 97
186 107
242 99
280 84
320 80
361 88
396 105
217 151
216 184
213 218
209 252
195 275
208 282
222 285
237 283
253 279
133 152
148 137
172 137
192 160
170 165
146 164
277 157
299 134
328 132
355 147
331 162
302 163
189 333
197 327
207 322
218 328
229 324
255 333
289 342
259 359
235 362
222 362
209 357
200 348
196 335
209 335
220 340
231 339
278 342
231 339
219 339
208 335
