80 154
83 196
88 238
94 280
108 321
130 359
160 394
195 423
235 434
279 428
322 402
362 371
394 333
415 290
424 244
430 196
435 147
93 116
112 98
140 93
168 97
196 107
256 105
290 96
325 93
359 100
386 118
225 155
223 187
221 220
219 252
197 272
210 278
224 281
239 277
256 273
123 155
142 143
166 145
185 167
162 170
138 167
280 167
300 147
325 145
348 158
328 169
302 170
180 330
196 317
211 310
227 315
242 311
264 321
292 334
265 353
242 359
226 359
209 356
194 347
191 330
212 326
227 328
242 328
279 334
241 335
226 335
210 332
