43 159
47 206
56 251
68 296
88 339
114 378
148 413
188 441
232 449
275 438
314 410
347 375
374 338
392 297
403 253
410 209
412 163
77 138
103 117
138 109
173 111
206 120
264 119
295 107
328 104
361 110
385 130
232 158
231 192
232 225
232 259
196 277
214 283
232 288
251 281
268 275
119 165
141 156
163 156
182 171
162 172
140 171
283 169
303 155
325 154
344 163
326 168
304 169
163 322
192 316
218 310
234 315
252 310
275 315
300 321
274 343
252 354
233 357
214 355
191 345
176 324
217 329
234 331
252 328
289 323
252 329
234 332
216 330
