4 154
7 206
16 259
30 308
56 352
94 389
137 419
182 439
223 442
257 428
283 397
308 360
330 321
347 282
358 241
362 201
358 159
71 112
104 94
142 88
180 92
216 105
269 105
291 94
314 90
336 90
353 103
244 153
247 183
250 213
254 244
211 272
228 277
244 280
257 276
268 271
111 155
135 147
160 147
180 161
158 164
134 164
278 161
296 147
317 148
332 156
319 165
299 165
174 340
200 318
227 305
241 310
255 305
270 317
279 336
267 354
253 366
237 369
221 368
197 360
186 338
225 328
239 329
253 327
269 335
253 336
239 339
224 338
