61 148
64 194
70 237
77 281
92 322
117 359
147 395
183 428
223 440
267 435
308 409
343 376
372 339
391 296
404 251
417 204
424 156
88 118
115 107
145 106
174 112
201 123
265 122
297 110
331 108
364 112
392 128
232 162
230 196
229 230
227 264
201 279
213 285
228 291
243 286
258 281
120 159
141 147
165 150
185 171
161 173
137 171
283 173
302 152
328 149
350 163
330 174
304 176
163 318
189 317
211 315
228 320
245 317
268 321
298 324
269 349
244 357
227 358
207 355
186 344
174 323
210 332
228 334
244 333
285 327
244 333
227 334
209 331
