62 138
65 186
75 233
87 276
107 315
132 350
160 382
192 408
228 416
266 408
302 379
333 344
362 304
382 262
393 217
402 171
405 123
79 115
105 101
136 97
169 100
199 112
265 112
295 102
326 99
357 102
382 114
231 156
232 192
232 229
233 265
201 279
217 284
233 289
249 284
264 279
113 151
136 140
164 143
184 165
160 170
133 167
279 164
299 142
325 140
346 151
329 166
303 169
177 330
199 322
218 315
234 320
251 315
269 320
288 327
268 349
250 358
232 360
215 359
197 350
190 331
217 328
233 330
251 328
277 328
250 330
232 332
216 329
