101 190
102 240
110 290
126 338
148 385
176 428
208 467
242 500
283 511
327 504
368 479
407 444
441 406
467 361
483 309
494 254
498 199
112 139
134 115
168 111
202 117
235 133
310 138
344 125
381 121
418 127
451 144
271 189
269 229
267 268
264 307
234 332
251 338
269 343
289 338
310 333
146 185
167 171
194 175
217 198
190 201
163 198
339 203
362 181
390 180
416 195
392 206
363 207
216 396
236 384
254 375
274 382
292 375
318 383
348 395
319 415
293 425
274 427
254 425
235 416
227 398
254 396
274 398
293 396
337 396
293 397
274 400
254 398
