124 179
119 215
122 249
132 284
145 319
162 354
181 389
204 419
237 432
280 430
327 410
368 386
404 356
428 317
449 275
462 226
468 175
118 122
125 101
145 92
168 90
192 98
253 92
292 80
332 79
372 89
401 114
222 155
217 181
211 206
204 232
194 267
205 271
217 275
233 272
249 269
140 169
153 154
176 152
195 171
174 176
153 176
286 165
309 148
335 148
361 161
337 172
310 171
176 335
186 316
203 304
217 308
230 304
258 317
290 339
259 357
234 363
218 363
203 361
188 352
186 334
204 326
219 327
232 327
276 338
231 332
217 331
203 329
