76 193
81 247
92 300
108 350
131 395
163 434
198 466
233 490
269 497
307 490
344 466
380 431
411 389
434 342
452 292
465 239
471 186
103 154
128 130
166 125
203 129
240 140
314 140
349 127
387 121
424 125
453 147
277 193
277 230
277 268
277 306
243 333
260 336
277 340
293 335
310 332
141 191
165 175
196 175
219 199
191 205
162 203
337 198
358 174
389 171
413 186
392 201
362 202
210 395
231 379
258 367
276 372
292 366
317 378
340 396
319 419
295 433
276 436
256 433
230 419
222 396
257 392
276 394
293 392
328 398
294 398
276 399
258 397
