79 176
78 219
80 264
85 308
99 350
122 388
152 421
188 446
228 456
270 450
310 424
345 392
374 354
395 311
409 266
418 218
424 170
94 128
115 113
143 108
172 110
198 122
263 120
295 108
328 104
361 112
386 133
230 163
229 194
227 225
226 256
196 276
212 281
229 286
246 281
264 276
125 168
143 156
164 157
183 173
162 173
141 173
282 172
300 157
322 156
343 167
323 173
301 173
160 325
186 318
210 312
229 316
247 311
271 316
300 325
273 352
248 364
229 366
208 363
184 351
171 328
209 330
229 332
247 330
288 328
248 341
229 343
209 341
