42 129
46 180
51 230
50 279
61 324
88 360
126 387
167 408
211 416
253 409
289 383
320 352
348 315
365 274
377 231
391 187
400 140
77 115
107 100
142 100
177 108
210 122
276 126
303 112
333 106
363 106
386 121
239 161
238 196
238 231
238 266
201 282
217 287
233 293
249 288
264 282
114 154
137 143
164 145
184 166
161 167
134 166
279 164
301 143
327 141
346 152
329 164
304 166
166 330
192 321
217 315
233 320
250 315
270 320
289 328
267 345
247 354
229 357
212 356
188 348
177 331
215 331
232 334
249 331
279 329
248 333
230 335
214 334
