112 151
112 191
120 231
133 273
149 313
168 351
190 386
214 417
251 432
297 431
346 408
393 377
434 340
463 297
473 244
476 190
473 133
108 101
124 91
144 93
165 103
186 114
244 112
277 96
314 88
351 89
386 104
215 156
212 189
206 224
202 258
189 276
201 284
217 289
236 284
255 278
133 148
147 134
172 135
192 157
168 162
145 161
279 158
300 137
329 135
355 149
332 163
303 164
185 337
195 324
206 317
221 322
236 316
264 326
297 343
270 361
246 367
230 367
214 364
200 352
195 336
209 334
223 335
239 335
286 342
241 342
226 341
212 338
