96 144
96 185
104 226
114 265
125 306
144 345
170 377
198 409
235 424
278 419
322 395
367 367
405 330
428 285
440 236
450 183
453 129
98 110
117 101
141 106
165 114
189 124
250 123
279 108
316 99
353 100
387 112
219 161
217 196
214 231
211 267
193 281
204 290
219 295
235 290
253 285
124 149
142 136
166 139
186 163
162 166
138 163
278 165
298 142
325 140
348 154
328 166
300 169
180 331
193 324
209 319
224 325
240 321
266 327
295 336
268 358
242 367
224 367
207 363
192 351
190 333
208 333
224 336
240 336
284 337
241 341
225 341
209 337
