120 168
115 205
117 244
127 283
142 323
161 360
183 399
207 431
240 445
285 441
334 422
387 399
435 371
470 334
489 285
497 229
501 175
120 112
134 98
156 96
178 100
199 110
244 102
283 87
324 85
365 95
400 117
221 154
214 183
207 213
199 243
188 271
200 277
212 281
228 277
246 273
140 158
154 145
177 145
197 165
175 169
154 168
283 162
304 143
330 143
356 156
332 166
306 167
178 336
186 319
201 309
213 313
228 310
259 322
296 338
263 361
235 371
218 371
204 368
190 357
188 336
203 329
216 330
230 330
282 338
231 342
217 341
204 340
