-8 145
-8 200
-2 255
12 306
40 348
81 380
125 408
172 429
213 433
244 422
270 394
296 363
319 327
335 286
349 245
355 201
352 157
78 106
110 92
146 86
182 89
214 102
273 106
292 95
314 88
336 88
351 101
245 153
249 190
255 226
261 261
213 282
231 286
249 290
263 285
275 276
112 150
139 137
167 138
186 160
163 166
135 164
273 156
291 133
316 130
330 142
318 157
294 160
168 340
203 329
231 319
247 323
260 316
272 323
278 335
268 351
257 361
243 366
225 367
199 360
180 340
230 336
245 336
259 333
270 336
258 337
244 340
228 340
