127 165
119 204
122 245
133 283
147 323
162 361
182 397
205 429
240 444
286 441
336 426
381 402
419 371
443 329
457 278
467 228
472 178
127 106
139 94
158 95
177 102
196 114
261 114
291 102
325 95
360 96
394 110
221 154
213 185
205 215
196 245
186 271
196 279
210 283
226 279
245 274
142 152
156 138
178 139
196 161
175 164
153 163
284 160
305 140
331 139
356 154
333 164
306 164
182 335
186 319
200 308
212 313
224 309
253 321
285 340
258 363
232 371
218 371
205 368
190 356
192 336
202 332
214 332
227 332
274 339
229 340
216 340
204 338
