34 163
34 212
38 263
51 312
74 353
107 384
144 409
187 427
228 430
263 421
290 396
312 363
330 326
345 285
356 244
360 201
357 160
86 107
113 92
145 88
178 91
207 106
260 111
284 99
309 93
334 92
355 104
237 153
240 185
245 217
249 248
210 274
226 279
242 284
256 279
268 274
115 156
137 145
161 146
179 161
159 163
136 163
277 162
295 146
316 145
332 156
318 163
297 164
174 335
200 315
227 305
242 309
258 304
276 314
284 335
274 356
257 368
240 371
222 370
197 359
185 334
225 331
241 331
257 331
275 334
257 336
241 338
225 338
