109 161
110 200
119 240
134 279
152 317
170 352
192 387
214 419
247 432
289 430
339 411
385 385
428 350
457 305
470 252
476 194
477 138
103 103
116 90
135 87
157 89
179 96
245 93
282 82
319 81
355 88
389 102
214 151
212 185
209 219
207 252
192 271
205 278
220 282
235 277
253 273
127 153
142 141
166 142
185 161
163 168
140 166
279 161
299 143
324 141
349 153
328 166
302 167
187 332
196 317
209 310
223 313
237 309
265 318
299 333
272 358
246 365
228 367
212 363
198 351
196 333
210 329
225 330
240 329
288 334
241 338
226 338
211 335
