-1 180
3 230
13 280
29 326
58 365
95 393
140 417
187 434
231 439
265 430
293 405
315 373
331 336
344 295
354 255
357 210
349 168
66 118
98 100
135 93
171 97
204 109
259 108
282 96
306 90
331 93
345 112
239 152
245 180
253 207
260 235
213 265
232 268
249 273
261 270
272 266
107 159
131 149
156 150
177 165
155 168
129 168
267 166
288 150
310 150
326 161
311 170
289 170
170 337
200 315
227 303
244 307
260 303
275 315
288 336
276 355
260 361
244 362
227 362
200 356
181 335
227 323
243 324
258 324
277 336
260 334
244 335
228 334
