109 157
107 197
112 237
123 278
138 318
158 355
180 391
203 425
235 441
276 441
326 421
375 393
418 356
446 310
461 259
475 203
484 145
108 106
125 94
149 94
172 100
194 110
248 109
286 97
326 93
365 102
398 121
219 156
213 190
207 224
201 259
189 276
200 284
213 289
230 284
249 279
133 149
150 138
174 141
193 162
169 165
146 161
280 165
302 146
328 145
351 159
330 169
304 169
176 329
189 322
203 318
218 323
236 320
267 327
305 334
270 360
239 367
220 366
204 362
190 351
185 333
203 335
219 338
236 338
294 336
238 342
220 341
205 337
