57 146
60 188
69 231
78 273
94 314
119 351
150 383
187 412
227 421
269 415
306 389
339 355
366 319
385 276
396 232
406 187
410 142
87 111
112 97
142 96
170 103
198 115
262 116
292 106
321 100
353 101
379 115
230 160
229 199
229 237
229 275
196 285
213 292
230 299
248 292
265 285
119 159
138 147
162 149
182 168
159 169
136 167
281 169
301 150
325 148
346 160
327 169
303 170
166 319
193 318
216 315
232 320
250 316
274 319
300 322
273 345
248 357
231 358
213 355
191 343
176 324
216 331
232 333
250 332
289 326
248 332
231 334
215 331
