117 167
114 205
119 244
134 284
150 323
168 360
187 397
208 430
241 443
285 440
334 422
383 396
426 362
456 319
472 268
482 213
485 158
118 104
131 89
153 89
175 95
195 106
245 96
282 82
322 78
362 87
393 110
219 151
212 182
205 213
197 244
189 269
199 277
211 281
228 276
245 272
139 153
154 139
178 141
195 161
174 166
152 165
280 159
300 139
327 138
350 153
329 164
303 165
185 337
191 319
204 311
216 316
231 313
260 325
295 342
264 362
237 367
220 367
206 362
195 352
195 337
205 333
218 335
233 336
283 342
234 340
219 339
206 336
