9 137
13 192
24 246
39 293
62 336
96 375
134 407
178 428
216 430
251 415
276 382
299 346
321 309
340 270
351 231
354 193
350 154
63 110
97 90
136 87
175 96
210 114
287 126
307 116
326 111
344 105
356 114
250 164
254 200
259 235
264 271
210 284
232 290
251 295
268 289
281 279
109 155
134 140
163 143
188 165
161 170
132 168
277 165
296 142
320 141
337 153
323 165
299 167
153 327
190 320
223 316
242 320
258 315
272 315
278 319
270 347
254 366
236 373
216 373
184 360
162 328
222 327
240 329
257 324
269 323
255 343
238 350
219 350
