121 181
123 229
134 275
147 323
164 365
183 406
204 444
235 472
276 486
323 489
371 468
410 434
440 393
459 346
472 296
484 245
489 191
122 138
145 123
176 125
205 133
233 150
319 159
351 147
388 145
424 152
452 171
273 198
271 242
268 286
264 330
233 333
248 344
267 354
287 349
306 344
149 179
170 169
200 175
223 200
194 203
165 198
340 214
364 194
395 195
419 211
396 224
366 222
207 387
225 381
247 378
266 386
285 383
316 392
351 402
320 426
289 432
267 431
246 425
225 410
217 390
246 393
265 399
285 399
338 402
288 404
267 403
248 397
