65 147
65 191
66 235
75 279
94 318
124 355
157 386
190 410
229 415
265 409
293 384
321 352
348 313
369 269
383 224
391 180
395 136
92 109
115 91
145 85
175 91
204 104
270 106
295 94
322 88
349 92
369 108
231 159
232 194
233 226
234 259
203 281
217 284
232 289
247 283
261 281
120 154
140 142
166 144
185 166
163 170
136 168
278 165
297 144
323 141
342 153
327 166
301 169
171 332
194 322
216 314
231 318
247 313
270 320
289 332
267 349
247 360
229 362
213 360
193 350
182 332
215 334
231 336
247 333
279 332
246 334
230 336
215 335
