90 168
87 212
89 256
95 298
110 338
132 373
158 408
189 437
225 449
264 441
304 416
344 386
378 351
403 311
416 264
421 218
422 172
103 130
120 110
147 104
176 108
202 119
263 120
292 108
322 107
352 114
375 131
229 164
227 197
224 231
221 265
189 277
204 284
222 290
242 284
262 280
128 164
147 154
168 157
186 173
165 172
144 170
282 174
302 160
323 160
342 170
323 174
302 175
155 315
179 307
205 307
226 312
249 308
281 312
312 322
282 358
249 373
225 375
202 371
177 353
166 318
204 319
225 323
248 321
303 323
249 350
226 352
204 348
