62 184
69 237
80 289
93 339
116 386
150 427
186 465
227 498
274 506
320 500
360 471
396 435
427 394
449 347
462 297
473 245
473 190
107 130
136 114
171 110
207 115
240 128
313 133
344 121
380 119
414 124
445 140
275 189
275 228
276 268
276 307
243 331
260 337
278 341
295 335
311 329
144 187
167 173
198 174
220 197
193 202
164 199
334 200
355 179
385 177
411 190
388 204
358 204
217 398
238 378
262 367
281 373
300 366
324 377
347 396
327 422
303 433
283 434
262 432
239 421
231 398
261 393
281 394
300 393
334 397
302 397
283 398
263 396
