74 172
83 227
97 281
110 334
130 384
160 429
198 468
242 498
289 507
336 500
380 472
418 434
446 387
464 336
476 283
486 228
487 172
97 141
124 117
162 112
200 118
236 133
305 137
340 125
379 122
417 127
450 146
270 186
271 227
272 267
272 308
239 329
256 336
275 342
294 335
312 329
141 185
163 171
192 173
215 195
189 199
160 197
333 197
356 177
385 175
409 189
387 201
358 202
214 396
238 380
261 371
281 377
300 372
326 381
352 396
329 426
303 438
282 440
260 437
237 424
228 397
261 393
281 395
301 394
339 397
302 404
281 406
260 403
