-9 181
-3 234
8 287
26 336
62 377
108 408
156 433
204 453
247 456
280 438
299 398
318 361
338 325
354 288
363 249
360 213
349 178
71 144
101 127
135 118
172 119
206 129
276 139
297 129
319 126
339 125
351 136
247 168
254 200
262 231
271 262
213 283
237 288
259 293
276 286
290 277
116 165
140 155
163 155
184 170
162 170
139 169
276 170
294 155
313 153
330 163
315 167
296 168
141 329
186 319
230 314
253 317
273 312
293 312
304 316
292 346
272 367
251 373
226 373
183 361
150 329
229 324
252 325
272 321
293 320
271 349
250 355
227 356
