77 159
77 202
86 244
97 283
113 322
137 358
167 389
201 414
239 421
277 413
315 387
348 356
373 319
392 279
402 239
409 197
410 153
88 128
112 111
143 110
173 115
201 125
256 118
286 106
317 103
350 105
377 117
228 158
229 191
229 224
230 257
200 273
215 279
230 284
246 279
262 273
119 157
139 146
163 148
183 165
161 168
137 167
278 165
298 147
322 146
342 156
324 166
301 168
175 330
197 320
218 312
232 317
248 312
270 321
294 329
271 353
249 362
231 364
215 362
195 354
186 332
217 329
232 331
248 329
285 330
248 333
231 335
216 333
