-1 140
4 192
13 244
28 292
52 333
89 368
132 397
177 419
218 424
251 414
274 388
296 356
317 322
336 285
351 245
360 202
359 158
74 104
104 87
142 81
179 87
212 103
281 102
301 89
323 84
343 86
355 101
244 150
247 187
250 223
253 260
210 278
227 284
244 290
259 285
269 277
111 150
135 136
163 138
185 159
160 164
132 163
275 158
295 135
321 133
337 146
323 160
298 161
175 337
203 327
227 318
241 324
255 318
268 326
279 333
268 357
254 368
239 371
222 369
200 360
186 338
225 338
239 339
253 336
271 335
255 338
240 341
226 341
