85 170
90 226
102 278
113 330
127 380
153 427
191 463
234 489
279 499
328 491
374 467
416 435
446 393
467 342
484 289
500 234
506 178
105 146
132 126
169 124
205 130
239 143
316 145
353 132
392 126
432 131
464 150
277 188
275 226
274 264
271 303
240 325
256 331
273 337
292 332
310 327
144 184
167 170
198 171
222 195
194 200
164 198
337 196
360 173
391 172
417 186
394 200
363 201
214 397
233 381
254 371
272 376
290 371
316 383
344 400
319 429
293 440
273 441
253 438
232 426
227 399
254 390
273 391
291 392
330 401
292 408
273 408
255 406
