-17 153
-11 209
-3 265
8 318
35 364
79 396
131 419
181 433
226 433
260 419
283 390
308 356
331 321
346 280
359 239
367 195
368 149
53 118
87 92
129 82
173 86
212 102
266 103
289 89
315 85
339 87
358 98
241 153
246 184
251 215
256 246
216 278
231 280
246 281
258 278
267 272
104 157
127 143
154 142
178 161
154 168
125 168
269 159
287 139
311 138
327 150
313 162
290 163
175 345
205 330
231 319
243 323
253 317
265 325
276 337
265 354
253 364
242 367
228 368
204 364
188 344
230 338
242 337
252 336
264 338
252 339
242 343
230 344
