-27 183
-19 236
-9 291
3 342
30 387
76 418
128 442
183 457
233 458
270 445
292 408
311 370
328 331
343 294
351 255
347 215
337 177
61 128
91 103
133 90
175 91
214 105
265 108
286 94
309 91
330 98
340 120
243 157
252 187
261 217
271 247
216 279
236 282
255 287
270 282
282 277
106 165
132 153
156 152
178 168
155 171
131 170
266 170
287 154
309 153
323 166
310 171
289 172
149 329
194 316
230 310
252 315
272 311
288 316
295 327
283 349
266 364
245 367
222 365
188 354
160 330
228 329
251 332
271 330
285 330
267 338
247 343
225 342
