125 169
120 208
120 248
131 289
147 325
166 358
185 393
203 426
233 443
279 446
333 431
383 405
426 372
454 328
472 278
484 221
488 165
120 108
131 93
151 93
173 100
195 111
243 107
282 93
324 90
366 101
397 123
213 156
207 189
198 222
190 255
180 272
192 283
207 290
225 285
244 281
140 153
153 140
175 141
195 162
173 164
150 162
279 165
300 147
327 147
353 163
328 170
302 169
174 327
183 322
196 318
210 324
225 321
259 330
300 338
262 364
230 372
212 371
196 365
185 351
184 332
197 335
211 339
227 340
288 340
227 344
212 342
197 338
