97 159
95 199
102 238
116 275
134 313
154 349
177 381
202 410
234 419
272 415
315 395
353 365
388 331
414 288
430 242
439 192
443 142
102 117
120 103
145 103
171 108
195 117
257 115
291 102
325 96
360 100
387 118
224 154
223 189
220 225
218 259
197 274
210 280
224 284
240 281
257 277
127 153
144 142
167 143
186 162
165 166
141 164
281 163
301 145
326 143
348 155
329 166
303 167
177 327
193 318
208 311
225 317
242 313
265 322
292 334
267 351
244 357
226 358
207 354
192 345
187 328
209 327
226 330
243 330
282 333
242 332
225 332
208 329
