123 177
116 214
117 251
126 288
139 324
156 362
176 396
201 426
235 439
276 439
317 424
354 401
383 371
405 333
417 284
424 233
428 183
120 118
131 100
153 94
177 98
196 115
259 107
288 90
324 85
358 96
382 119
219 149
213 182
205 213
197 245
185 269
197 276
211 280
229 276
247 271
139 165
153 151
174 150
195 166
173 170
152 170
277 164
301 146
327 145
350 159
328 168
301 167
172 331
179 315
196 306
212 310
226 306
254 316
288 333
260 357
234 366
217 367
200 364
183 353
183 332
198 330
214 331
229 330
276 334
230 338
216 338
200 336
