121 157
117 195
122 233
134 272
148 311
165 350
182 387
204 420
238 433
284 430
331 408
375 380
413 345
442 302
457 253
462 202
461 152
115 107
126 90
148 89
171 95
194 107
247 101
284 87
322 82
362 90
391 114
221 150
216 184
209 216
201 250
187 271
199 278
213 283
231 280
250 276
138 146
152 134
174 135
193 156
171 157
149 155
284 158
305 139
331 138
354 153
334 163
307 163
178 330
184 321
201 314
215 321
230 317
258 327
288 341
260 362
235 369
217 369
201 365
187 352
187 332
202 333
217 336
232 336
274 340
231 338
216 338
201 334
