82 190
85 241
96 292
110 343
130 391
160 434
195 475
234 510
280 525
327 518
375 492
418 456
454 413
478 362
493 309
504 253
510 196
98 159
124 137
159 133
195 140
227 156
312 156
350 141
393 136
434 144
466 168
273 200
272 241
271 281
269 323
231 337
251 345
271 352
293 346
315 341
140 198
163 183
192 186
214 211
189 211
160 209
341 213
365 189
395 187
420 203
398 213
369 214
197 374
228 374
254 372
273 378
295 374
328 380
367 381
330 421
297 439
273 440
252 435
225 415
208 381
253 388
273 392
295 391
355 386
296 409
273 411
253 405
