115 163
111 205
116 244
130 281
144 318
161 357
182 391
206 421
241 435
285 433
334 417
382 392
423 358
450 315
466 265
476 210
480 154
115 105
128 89
150 86
174 92
195 105
251 103
283 84
323 78
360 87
391 108
218 152
214 183
208 214
202 245
191 272
202 280
215 283
232 280
250 274
134 152
150 138
175 139
195 161
172 165
149 164
281 162
304 141
331 141
356 157
333 166
305 166
185 334
191 319
205 310
218 314
231 311
260 322
292 340
263 366
237 374
221 374
207 371
194 358
195 334
206 329
219 330
233 330
280 338
235 346
220 346
207 342
