83 155
83 197
90 240
101 281
119 321
142 357
168 390
197 419
233 428
272 422
306 396
337 363
364 327
384 285
396 242
407 196
410 149
92 124
114 110
142 111
170 119
196 129
257 126
287 114
320 108
354 110
379 126
230 161
229 193
229 226
228 259
198 275
213 281
229 285
246 281
262 278
120 153
141 140
168 143
185 165
164 168
138 167
279 166
301 144
326 141
346 154
329 167
303 169
174 330
194 320
213 313
227 319
244 315
267 324
292 331
268 355
246 365
228 366
212 364
193 353
185 332
213 327
228 329
245 329
280 333
245 339
228 340
213 339
