17 132
17 182
23 232
35 279
59 320
94 357
132 387
174 409
212 413
241 402
262 373
282 339
301 304
317 268
333 233
340 197
338 159
96 105
125 92
159 85
192 89
223 103
276 110
295 100
315 96
332 98
341 111
245 157
247 190
251 222
256 254
219 278
233 281
246 284
258 280
266 272
126 154
149 142
172 144
190 162
169 166
145 164
269 162
286 141
308 140
321 151
310 162
289 164
186 337
209 317
234 306
247 309
258 303
269 311
268 327
263 345
253 361
240 366
226 368
205 361
196 334
232 327
245 326
256 324
260 327
254 331
242 336
229 337
