-20 127
-17 167
-11 209
-2 247
19 279
51 303
90 321
132 335
167 339
192 330
210 310
226 282
237 253
246 222
253 191
254 160
246 130
53 83
76 72
101 67
129 68
153 77
202 84
218 77
233 77
245 79
251 89
184 116
190 136
196 155
203 176
163 200
178 204
192 207
202 205
210 200
79 115
98 103
119 103
134 118
118 121
97 121
198 123
213 108
231 109
239 122
231 127
215 127
133 258
159 240
182 230
191 234
202 232
212 242
210 258
207 270
197 276
186 278
174 276
154 271
142 256
180 243
190 243
200 244
204 256
198 258
187 260
177 259
