98 164
92 204
95 246
107 287
126 327
150 364
173 398
201 428
238 440
282 437
328 419
371 391
409 358
436 317
451 267
456 215
458 163
100 116
117 101
142 101
166 107
188 118
246 112
282 99
319 97
354 104
387 119
217 162
213 199
209 236
205 273
180 286
196 295
213 302
234 296
255 291
124 156
143 144
166 147
184 168
163 169
139 166
277 172
300 153
326 153
349 166
328 175
302 176
164 314
184 317
204 319
220 326
241 322
277 324
318 321
279 350
244 364
221 365
203 360
184 343
174 321
203 334
220 339
241 337
308 325
242 338
220 339
204 334
