45 167
46 212
53 256
64 299
82 340
109 374
144 403
183 423
225 428
263 422
293 399
316 369
334 333
350 296
363 258
372 217
370 176
81 123
107 101
140 91
176 92
206 105
263 104
291 95
319 95
345 104
361 124
237 153
238 181
240 209
241 237
204 263
220 269
237 273
251 270
264 265
116 160
140 149
165 149
185 167
163 171
137 170
277 169
298 152
322 151
339 164
324 174
300 174
170 335
194 312
219 300
233 305
249 301
268 314
285 337
266 350
249 355
232 357
215 356
192 350
182 332
217 325
233 327
249 325
274 335
249 328
233 330
217 328
