127 162
120 201
121 243
132 284
146 326
164 367
187 403
213 433
248 445
292 443
343 425
391 400
430 366
460 324
478 274
487 218
490 164
122 107
135 89
159 86
184 95
204 110
246 107
283 90
325 83
367 90
401 114
224 149
218 180
211 211
204 241
192 264
203 272
217 276
234 273
253 268
142 152
157 139
179 138
199 158
178 161
156 161
287 159
310 141
336 141
361 155
337 164
311 163
185 333
189 312
204 301
219 307
234 304
262 317
291 341
266 367
240 377
223 376
206 372
191 357
194 333
206 326
220 329
236 328
279 338
237 341
222 340
207 337
