110 156
109 196
117 234
131 274
148 314
170 351
194 387
220 417
251 429
292 423
336 400
375 370
409 336
433 295
444 246
450 193
450 142
105 115
120 100
145 101
169 109
193 120
249 114
283 100
319 93
356 98
386 117
221 159
217 192
212 223
207 255
193 275
205 283
219 288
235 283
252 280
131 152
146 139
171 139
191 162
167 165
144 163
282 161
301 139
328 137
351 150
331 163
305 164
184 335
190 321
207 313
221 320
234 315
263 325
290 338
267 362
243 373
227 375
211 371
195 359
193 336
209 334
223 336
237 335
278 338
239 343
224 343
210 341
