70 171
74 225
82 276
94 325
117 370
150 409
187 443
228 471
270 479
310 473
347 446
383 415
417 379
441 338
456 292
467 242
473 191
102 149
136 132
177 133
216 142
253 158
325 157
359 142
396 135
434 137
463 155
290 200
290 243
290 286
290 329
244 336
264 344
286 352
306 346
326 338
144 192
169 182
197 187
225 207
194 206
165 204
340 208
365 187
393 186
419 198
396 207
367 209
197 371
233 375
262 373
283 378
303 374
327 376
355 378
326 402
301 413
280 415
258 412
230 400
209 377
261 387
282 390
303 388
342 382
302 387
281 388
259 385
