-15 188
-5 238
9 288
31 333
63 369
108 397
157 416
208 427
251 424
281 407
296 374
310 339
321 303
330 267
337 229
333 193
321 158
63 120
89 97
125 85
162 89
196 102
260 98
278 89
296 83
313 85
321 97
240 153
250 178
261 203
272 228
226 265
244 267
261 268
271 264
281 256
109 164
131 148
158 146
180 163
158 170
132 172
261 158
279 139
300 137
313 150
303 160
282 162
186 333
220 312
250 299
264 302
277 296
288 304
293 322
287 336
277 347
263 352
247 353
219 349
199 331
249 323
263 321
276 319
284 321
276 321
263 325
249 326
