98 157
96 196
103 235
116 273
133 312
153 347
176 379
201 409
233 419
270 416
314 394
352 363
386 329
411 287
427 240
435 190
439 140
102 116
121 103
145 102
171 106
196 116
256 115
291 102
326 96
362 101
389 119
225 154
223 189
221 224
218 259
196 273
210 279
224 283
241 281
258 277
125 152
143 141
167 142
186 161
165 165
141 163
280 163
302 145
327 143
350 155
329 166
303 167
177 326
194 317
209 311
225 316
242 312
264 320
291 332
265 350
244 356
226 357
208 354
192 346
188 327
210 327
226 329
242 329
279 331
242 331
225 331
209 328
