83 146
82 189
85 231
95 272
114 311
141 345
168 378
195 414
229 428
267 424
305 399
343 368
378 333
403 292
417 246
428 197
436 147
95 117
116 103
144 106
171 115
195 129
253 130
286 117
321 112
356 113
386 126
226 170
223 208
220 245
218 281
189 288
204 297
221 304
240 297
258 292
120 156
140 145
165 150
184 172
161 171
136 168
281 176
303 156
328 155
350 169
330 178
304 179
161 309
186 312
209 314
225 319
245 317
275 317
309 318
278 353
247 367
226 367
207 362
185 344
172 315
208 323
225 326
244 325
298 320
247 345
227 345
209 340
