113 168
112 208
118 248
134 287
152 326
170 364
190 399
212 431
242 449
284 448
332 435
376 411
413 374
433 326
446 274
455 220
455 166
114 101
127 86
149 84
170 89
192 100
244 102
279 87
318 81
358 89
389 111
216 150
212 185
207 220
201 255
189 277
202 284
216 290
232 286
249 283
133 153
149 139
172 141
191 161
169 165
146 164
280 161
303 141
330 141
354 156
332 166
304 166
183 331
192 319
204 313
218 318
233 315
264 325
298 339
270 365
242 371
225 372
209 366
196 352
192 331
206 331
220 333
236 334
286 339
238 343
223 343
208 339
