115 175
108 213
111 253
121 291
133 331
150 369
173 402
199 431
233 443
276 440
325 422
373 397
412 365
440 324
455 276
464 224
467 173
117 121
131 103
155 99
180 103
202 115
254 108
287 92
325 87
362 97
390 121
224 153
219 182
213 211
207 241
191 267
203 274
216 278
234 273
253 269
135 162
151 150
173 150
193 166
172 171
150 170
283 164
304 148
329 147
352 159
331 168
305 168
177 333
187 317
203 308
219 314
236 310
264 322
296 337
265 359
238 366
219 365
203 362
188 354
188 334
204 328
220 330
237 330
284 337
236 338
219 338
203 336
