100 164
96 207
98 251
107 296
120 340
137 383
161 420
189 448
228 460
276 459
332 441
389 415
437 379
471 333
491 278
502 218
510 158
114 110
129 93
153 89
178 94
200 106
253 97
290 82
332 76
373 87
408 111
221 147
212 179
203 210
194 242
188 267
198 274
208 278
224 275
242 272
142 152
159 141
181 140
200 157
179 160
158 159
283 156
306 140
332 140
356 153
333 161
307 161
185 338
188 319
201 312
212 318
225 316
254 329
290 348
254 370
226 374
211 372
200 369
189 358
193 338
202 330
213 332
226 334
278 347
225 351
212 349
201 344
