141 174
140 210
147 249
158 287
171 324
187 362
202 396
221 428
253 438
296 437
348 413
397 385
442 348
472 302
487 247
492 187
494 129
124 108
134 91
154 90
176 96
195 108
242 97
279 80
319 74
361 80
393 103
219 150
213 184
206 218
198 250
191 271
202 279
215 282
230 279
248 279
150 149
162 136
183 138
200 159
180 160
161 159
284 157
304 136
329 135
352 149
333 160
307 161
189 334
191 321
204 312
217 319
231 316
260 329
292 344
262 362
237 370
220 370
205 366
194 355
197 334
206 333
219 335
233 335
279 342
232 339
217 339
204 337
