18 171
22 234
33 296
50 353
78 405
119 449
168 484
221 509
269 512
308 494
336 456
361 414
384 370
405 327
422 282
430 236
428 186
88 144
128 127
173 123
216 128
257 141
328 140
354 129
381 121
409 116
432 127
293 190
296 231
300 271
304 313
251 336
273 341
294 347
311 340
327 331
136 186
165 169
197 170
223 195
194 201
161 200
333 193
354 167
383 165
403 179
387 195
359 197
200 402
238 392
272 384
290 389
306 382
322 387
337 395
319 418
303 434
285 439
265 439
234 429
213 404
271 404
289 405
306 401
324 398
304 403
287 409
269 409
