88 160
91 201
99 238
112 277
131 314
153 349
176 384
203 416
235 427
273 424
314 404
353 377
387 344
411 304
425 258
436 211
440 163
89 110
110 95
138 99
165 109
192 121
253 119
288 106
325 100
362 105
392 121
221 157
219 194
216 231
213 267
192 280
204 287
219 293
236 287
254 282
123 152
140 142
164 144
185 163
161 165
137 163
279 168
301 151
327 150
350 163
329 172
303 172
171 320
191 323
209 321
225 327
242 323
268 327
301 327
269 355
242 365
224 365
206 361
189 349
181 327
208 335
225 338
242 337
289 330
241 339
224 339
207 335
