56 163
59 209
65 254
79 299
101 337
131 369
165 399
200 423
236 431
271 422
302 395
330 363
356 330
374 291
384 249
390 204
390 160
83 121
109 109
139 109
168 114
195 128
268 130
295 116
325 110
355 111
380 125
232 166
232 202
233 238
234 273
198 282
215 288
234 295
251 289
268 282
113 161
135 151
161 153
182 174
157 176
131 173
280 174
301 155
327 152
349 161
330 174
304 176
160 315
192 319
216 317
234 321
249 316
273 318
304 316
276 344
252 356
235 358
216 356
191 343
173 320
216 331
234 333
250 330
292 320
250 331
235 333
217 330
