40 292
48 346
63 398
82 444
107 486
142 521
184 549
229 568
271 571
306 555
330 527
355 494
377 457
392 417
398 373
398 329
392 285
93 255
123 231
163 219
203 221
243 233
309 232
334 219
360 214
384 214
399 232
278 292
284 325
291 357
298 390
253 423
272 426
290 428
304 423
316 415
140 301
166 283
196 282
222 306
195 313
165 313
311 297
333 272
359 268
377 283
363 297
336 300
205 479
243 469
271 459
288 462
302 456
318 461
331 468
318 488
305 501
288 505
270 506
242 501
217 478
271 476
288 476
303 472
322 470
303 474
287 478
270 479
