44 301
51 357
67 410
85 459
108 505
139 547
174 585
214 615
255 621
297 610
333 584
364 549
391 513
411 470
421 422
426 372
426 321
75 267
104 248
140 246
175 253
209 269
283 274
310 262
338 259
367 261
392 272
245 322
245 358
245 394
246 429
212 451
229 458
245 463
261 457
276 450
114 318
137 307
163 310
189 330
162 333
134 332
294 334
313 315
340 316
364 327
343 338
316 339
186 513
209 495
231 487
247 492
265 488
287 496
309 511
289 537
268 548
248 551
230 549
209 538
199 513
230 511
246 512
265 511
298 511
267 517
249 519
231 518
