-2 274
4 328
11 380
25 432
57 473
107 501
162 525
218 538
261 536
291 521
304 489
313 446
319 414
324 379
331 343
332 313
326 280
92 216
120 189
157 174
198 176
235 190
283 201
305 195
325 195
341 206
344 227
265 256
276 283
289 309
302 336
245 369
265 372
283 376
297 372
306 366
132 260
156 248
181 247
201 264
181 270
155 270
278 267
296 255
316 257
326 270
316 276
297 274
203 440
240 419
272 409
284 412
295 409
306 417
304 437
302 452
292 463
280 465
266 465
238 459
216 439
270 431
283 430
293 430
296 436
293 434
282 437
269 437
