15 260
20 310
31 360
44 408
66 451
96 492
131 529
172 560
212 567
250 556
286 525
317 489
343 452
362 412
372 369
376 325
375 279
47 244
80 234
117 236
152 242
185 258
250 257
278 244
308 238
338 236
365 245
216 303
216 340
217 378
217 415
183 429
199 435
217 441
232 435
246 428
86 293
110 281
139 285
161 309
135 312
106 309
265 309
287 286
314 283
337 295
318 310
290 312
147 481
175 471
199 463
216 467
231 461
252 467
275 475
255 502
234 515
217 518
198 518
174 508
160 483
199 482
216 483
232 480
263 478
233 485
216 488
199 487
