12 244
17 292
27 341
45 386
70 424
106 456
148 484
191 505
230 511
261 501
284 472
305 439
322 407
334 373
342 339
342 305
338 272
92 196
123 178
158 171
195 177
227 192
279 200
297 192
317 192
333 197
343 209
253 247
258 272
263 297
270 322
226 348
241 354
256 358
266 356
275 351
132 240
155 231
178 234
197 250
176 252
152 250
272 259
291 246
311 248
323 260
311 266
291 265
178 400
211 388
240 381
252 384
265 383
279 393
286 407
276 423
261 429
247 430
233 428
207 419
190 402
237 403
249 404
262 405
277 408
262 406
250 405
237 404
