39 349
45 398
55 447
66 493
83 536
111 574
142 609
175 640
214 650
255 642
298 618
336 587
367 548
387 500
398 448
407 393
411 338
40 324
62 306
94 305
126 309
157 322
229 319
263 304
298 297
337 298
369 316
195 371
196 408
196 446
196 484
166 499
182 505
199 510
217 505
235 501
74 369
93 359
118 361
143 379
116 385
90 384
256 377
273 357
301 355
327 365
306 379
278 382
143 554
165 548
185 542
201 548
218 543
243 550
273 556
245 583
221 595
203 596
184 592
165 577
155 557
185 560
202 563
219 562
260 559
220 566
202 567
185 563
