23 328
21 368
27 409
38 450
50 491
67 530
86 565
112 590
147 597
189 589
233 569
270 543
302 512
327 475
341 431
350 386
356 339
31 282
46 266
67 262
90 266
111 276
177 273
207 260
239 255
269 263
295 280
140 308
136 337
130 364
124 392
108 420
118 427
130 429
145 426
161 422
56 315
70 300
92 299
110 315
92 320
70 322
191 314
211 296
235 296
256 310
238 317
214 317
91 491
101 468
119 456
132 461
149 457
176 469
202 489
176 509
152 518
134 520
119 519
102 509
100 489
120 479
133 479
150 479
191 488
150 494
133 495
119 494
