45 311
50 361
60 409
72 454
90 496
118 531
153 560
190 585
228 593
267 584
303 557
335 526
362 489
381 447
393 402
403 351
405 299
58 272
83 253
116 251
148 258
178 274
243 272
274 257
308 250
344 252
374 266
213 316
213 352
213 387
212 422
185 440
199 446
215 451
231 446
247 441
95 314
118 303
144 306
166 328
141 330
114 328
267 328
289 307
316 304
341 315
321 328
293 331
160 499
182 486
202 478
216 484
231 479
254 489
280 502
256 525
234 536
217 537
201 535
181 524
171 500
202 498
217 500
232 498
269 502
232 506
217 507
201 506
