66 354
70 401
77 446
84 488
102 528
128 564
157 596
193 620
231 628
271 620
308 594
339 562
366 529
385 492
393 450
399 405
406 359
97 330
124 315
157 314
189 320
221 333
270 334
300 321
331 315
363 317
386 333
245 371
244 404
242 437
241 469
210 481
225 486
240 491
256 486
272 481
138 370
158 360
180 362
200 379
177 382
155 380
288 380
307 362
330 361
350 371
332 382
309 383
168 513
195 512
220 512
239 515
257 512
279 513
307 513
280 542
257 554
237 556
217 554
193 543
176 516
220 527
238 529
257 527
298 517
257 533
238 535
218 533
