7 260
13 309
22 356
36 400
60 440
92 474
131 501
172 522
212 526
249 513
279 483
306 450
329 416
348 381
358 342
362 302
361 261
48 234
79 217
116 210
152 213
186 226
252 224
277 211
304 205
332 206
352 222
220 270
222 302
225 333
227 364
185 387
204 389
223 391
240 385
255 379
88 272
113 259
138 261
160 282
136 285
109 283
262 275
281 251
304 248
324 259
309 272
285 276
136 427
173 421
205 409
222 411
237 405
260 410
284 412
262 445
241 461
224 466
205 467
172 457
148 428
205 429
223 428
238 424
273 418
239 435
223 440
205 441
