43 258
44 309
51 358
59 405
73 451
97 494
129 532
168 563
210 574
254 569
296 542
331 506
359 463
378 418
393 371
406 324
414 274
75 246
104 233
138 232
171 240
202 254
268 258
298 245
329 239
361 241
387 256
229 296
227 329
225 363
223 396
191 413
205 419
221 425
237 422
252 417
107 289
129 278
156 281
175 302
152 306
126 303
281 307
301 288
327 287
347 299
329 312
303 313
159 472
183 460
204 453
218 458
234 455
253 465
273 478
251 504
231 512
215 513
199 510
179 498
170 474
203 475
218 478
233 477
263 479
232 479
217 481
202 477
