48 275
52 332
63 388
78 440
105 486
143 526
187 560
231 589
274 597
311 587
342 558
371 526
398 488
416 446
428 401
436 354
435 307
116 248
148 229
186 226
224 234
257 252
335 258
360 247
386 243
411 248
429 265
296 305
299 343
303 380
308 417
259 432
277 440
297 447
313 442
327 436
161 296
185 285
212 287
234 309
209 313
182 310
333 314
354 296
379 296
398 309
381 320
357 320
213 488
244 478
273 474
291 480
309 476
327 482
337 494
322 514
304 526
284 529
264 526
239 513
225 490
270 494
289 497
307 494
329 494
306 497
287 500
268 497
