130 202
135 245
148 289
163 332
180 374
205 413
234 448
262 477
297 486
337 478
380 451
423 419
459 380
481 334
492 283
501 229
503 174
126 147
142 128
168 122
197 125
224 136
290 130
327 116
367 110
406 116
441 135
259 192
257 227
254 263
251 299
236 323
249 329
263 332
279 327
297 321
157 193
176 180
203 180
226 202
201 208
174 207
321 197
343 175
373 173
402 185
378 200
347 202
230 390
240 376
255 367
271 373
286 366
316 374
350 386
323 415
295 426
278 428
260 425
244 413
241 390
257 385
273 387
289 384
337 387
291 399
275 401
259 398
