75 194
81 246
94 297
108 347
129 393
159 435
196 471
239 500
283 510
330 500
375 472
414 435
444 392
465 343
476 290
485 237
489 183
103 145
131 124
168 117
205 121
240 134
313 135
348 119
386 113
423 121
453 142
277 188
278 228
279 269
279 310
244 329
261 337
280 343
299 336
317 329
143 190
165 175
193 178
219 199
190 203
162 201
334 197
354 173
383 171
410 185
387 197
358 200
211 394
237 378
262 368
281 373
299 368
322 377
349 393
324 420
300 430
280 433
259 430
236 420
225 396
262 388
281 390
299 389
334 395
299 399
281 401
261 399
