-6 138
-4 195
4 250
20 300
46 344
85 380
128 408
173 430
211 434
238 420
260 388
282 355
304 321
324 284
340 243
347 202
344 159
75 95
109 79
147 72
185 77
221 92
282 96
304 84
327 80
346 83
356 96
252 151
256 187
261 222
267 258
218 281
236 285
253 288
266 284
276 276
116 146
144 134
173 135
192 157
168 163
140 160
274 156
293 133
318 131
331 143
320 157
296 160
165 343
199 330
231 320
245 323
259 317
271 323
273 333
267 359
254 376
239 381
222 382
193 374
177 343
229 335
243 335
256 331
264 335
255 345
241 351
227 353
