33 163
41 211
53 261
67 305
88 346
117 379
152 407
191 428
230 432
264 421
291 395
313 362
330 326
344 289
354 252
359 213
360 175
77 110
104 89
138 82
173 87
205 103
272 106
297 93
324 89
350 96
364 118
241 152
243 179
246 207
250 234
212 266
228 270
243 274
255 271
266 266
114 158
137 148
163 149
185 165
162 170
135 169
277 168
297 152
320 153
336 165
321 173
298 173
176 336
202 317
228 306
244 310
259 306
274 316
286 334
274 354
259 362
243 365
225 365
200 358
188 335
227 328
242 328
257 327
275 334
258 335
243 337
228 337
