88 140
89 184
96 226
109 266
129 301
155 334
180 365
206 397
238 406
276 403
315 377
354 347
387 311
408 268
418 221
425 173
429 123
97 101
119 93
143 95
166 101
187 113
253 115
287 106
320 103
354 106
385 115
222 158
220 195
217 233
214 270
192 278
206 286
221 291
237 286
254 282
124 144
143 132
169 135
187 158
165 161
140 159
274 162
296 142
324 140
347 154
328 166
300 167
181 321
198 322
215 321
227 325
243 321
271 324
302 319
274 346
247 357
230 358
216 355
199 344
191 327
215 333
228 335
244 334
291 323
245 335
229 336
216 333
