95 161
91 201
94 243
106 286
128 325
155 361
180 396
204 429
235 442
272 441
311 421
347 394
383 362
413 323
432 276
441 225
445 174
107 106
124 93
148 97
170 107
191 121
251 117
284 104
318 101
352 106
381 122
219 159
214 197
208 234
203 271
180 282
195 291
212 298
232 293
252 288
127 148
145 137
167 140
184 161
164 162
142 159
278 166
301 147
326 148
349 162
328 169
303 170
173 319
186 318
202 319
218 326
239 322
272 327
308 328
275 358
243 372
221 372
202 366
187 349
183 326
202 335
219 339
241 338
296 332
242 346
220 346
203 341
