115 159
113 201
118 243
131 286
148 326
170 365
193 401
220 431
254 441
296 435
344 410
390 378
428 339
455 294
472 244
479 188
480 132
114 98
123 82
142 77
164 80
184 91
253 87
287 75
323 71
359 80
389 97
221 150
217 184
212 217
206 251
195 277
206 281
220 284
235 282
252 279
136 145
150 132
173 134
192 156
169 158
147 156
279 156
298 135
324 133
350 146
328 158
301 160
188 339
194 324
209 315
222 320
234 315
261 327
290 345
266 368
242 377
227 377
213 373
199 360
196 340
212 338
224 339
236 340
278 344
238 349
225 347
213 344
