100 168
96 207
100 246
112 286
132 324
155 359
182 389
206 418
236 431
272 431
311 414
347 387
380 354
408 313
426 264
435 212
436 162
98 114
115 98
141 102
165 111
190 122
248 117
281 104
316 98
353 98
386 112
217 160
214 197
210 233
205 269
186 284
200 291
216 296
235 291
255 287
123 153
141 140
166 142
185 166
162 168
137 166
276 167
298 144
326 142
351 158
329 169
301 171
177 319
193 322
209 322
225 329
243 324
275 328
314 324
278 354
246 366
227 367
209 362
193 347
186 326
209 336
226 340
244 338
304 327
244 342
226 343
209 338
