70 189
74 240
87 292
107 344
134 391
167 431
203 467
241 497
280 502
320 493
358 463
390 425
419 383
439 334
450 284
456 236
456 187
98 135
131 120
166 118
200 124
233 139
322 143
354 130
386 124
418 125
443 141
277 191
279 230
282 270
284 309
250 333
266 337
284 341
299 336
314 331
133 187
158 175
188 178
214 199
185 203
155 202
333 199
356 178
386 177
410 189
389 201
360 203
215 396
241 378
267 366
286 373
304 365
327 376
346 391
329 411
307 424
287 426
266 425
241 414
228 396
266 392
286 393
304 391
335 392
305 392
287 394
267 393
