49 178
55 222
64 264
75 304
91 343
116 376
150 405
189 424
231 429
272 420
309 397
339 367
360 332
374 294
383 253
387 214
389 173
74 133
97 109
129 98
164 101
196 114
266 112
295 100
326 97
355 106
373 129
232 155
232 184
233 212
234 241
203 268
219 272
235 277
250 271
265 265
114 168
135 153
161 153
184 170
161 175
134 176
277 168
298 150
323 150
342 164
324 172
299 172
172 332
195 312
218 300
236 304
253 299
274 309
294 327
275 349
255 359
236 361
217 361
194 355
185 330
218 323
235 323
253 321
282 326
254 330
236 332
218 332
