82 182
81 223
87 264
97 304
112 342
135 374
163 403
195 428
234 436
276 433
321 413
361 386
394 350
412 307
421 261
426 213
428 168
94 130
111 104
138 95
167 98
194 112
257 112
290 100
325 96
360 107
383 130
226 158
224 188
222 217
219 246
194 272
208 276
224 279
241 275
258 272
121 163
141 147
167 148
186 170
165 175
138 174
281 169
305 148
332 147
352 164
334 175
307 174
178 331
193 311
211 302
225 305
240 302
266 312
293 331
267 352
243 362
226 363
212 362
193 354
186 331
212 318
225 318
241 318
282 330
242 340
226 341
212 339
