37 300
41 358
49 414
64 467
90 514
125 554
162 590
202 619
241 627
278 619
311 588
341 554
369 515
392 472
408 427
421 379
428 329
103 278
138 265
175 262
211 267
245 281
312 285
341 275
371 272
400 279
419 298
276 333
276 369
277 406
278 443
236 461
254 467
271 472
287 468
301 463
139 326
165 315
193 319
214 341
188 346
160 342
318 345
338 326
365 324
385 336
367 351
341 352
187 517
216 506
245 500
263 506
281 501
300 507
316 520
298 546
279 560
259 563
239 560
212 547
199 519
243 518
262 521
280 519
305 521
280 529
261 533
242 531
