32 326
37 378
46 427
60 476
84 519
116 559
156 593
200 622
245 632
288 619
324 585
357 546
384 504
401 460
413 413
425 365
430 312
73 291
103 276
138 272
173 278
204 290
280 285
313 269
350 260
387 265
415 284
250 320
252 356
255 392
258 428
222 456
239 460
255 464
271 460
286 454
117 329
141 312
171 311
197 333
170 339
140 340
294 330
321 307
350 306
374 322
353 334
322 335
179 513
209 505
236 499
253 503
269 498
291 505
313 512
291 536
270 547
252 550
233 548
207 538
190 515
236 516
254 518
270 515
301 515
268 520
252 522
234 521
