5 256
10 303
21 348
35 389
55 427
80 461
110 490
142 514
176 519
208 508
234 480
259 447
280 410
294 370
305 327
314 284
318 239
40 236
66 225
95 221
125 224
152 233
210 226
234 215
259 208
285 208
307 219
184 257
186 290
187 322
188 355
153 366
169 372
186 377
202 371
215 362
75 258
94 248
115 248
133 261
114 265
93 266
222 255
239 239
260 235
277 243
263 254
243 256
126 426
147 410
169 403
184 407
200 401
216 406
229 419
217 446
201 460
184 464
166 464
145 452
135 425
169 415
185 416
200 414
220 420
200 436
184 441
167 439
