111 407
112 457
123 507
142 554
167 601
198 642
235 679
273 707
315 714
360 701
407 671
449 632
484 589
507 536
516 479
517 421
513 363
114 344
129 321
156 310
185 307
213 314
287 300
322 285
360 281
398 287
432 304
254 364
255 399
255 433
256 467
237 505
251 508
267 510
284 503
300 496
144 386
163 368
188 366
211 383
190 388
165 391
323 369
345 346
372 343
398 355
376 365
350 368
224 578
239 553
259 539
275 540
292 534
327 543
361 559
335 601
306 620
286 625
269 624
246 610
235 578
263 563
278 561
296 557
352 561
300 592
282 596
266 595
