20 289
23 332
32 374
41 414
57 454
77 490
100 525
129 553
160 564
193 557
227 533
255 501
279 464
298 423
307 380
316 336
320 292
35 263
53 249
79 250
104 256
127 269
183 269
212 258
242 253
271 257
291 271
156 307
156 338
155 369
154 400
133 414
144 419
155 423
167 420
179 418
62 301
78 289
101 293
117 313
98 317
75 315
202 315
218 296
241 295
259 308
245 319
222 320
113 465
129 454
145 451
157 455
173 453
193 459
212 468
194 494
173 504
157 504
142 502
126 490
120 466
145 464
157 466
173 466
204 469
172 482
157 483
144 480
