67 356
71 407
83 456
99 504
121 549
150 591
185 629
225 659
267 668
308 659
346 628
379 591
406 551
427 508
442 465
453 419
457 369
101 338
135 325
174 323
212 328
248 340
302 343
335 331
371 328
406 330
435 344
270 383
269 420
269 459
268 498
233 514
250 520
267 526
285 521
301 515
136 382
161 373
188 375
210 393
186 396
158 395
326 396
348 378
375 377
398 387
377 398
350 399
202 570
227 557
250 549
268 554
286 549
308 558
330 570
310 602
288 615
268 617
249 615
225 602
213 571
250 568
268 569
286 568
319 572
287 584
268 586
250 584
