106 260
95 303
93 348
98 391
107 432
119 474
134 512
151 544
178 560
216 562
261 547
309 527
353 502
390 470
416 427
432 380
445 330
113 200
131 184
155 180
180 188
199 204
249 209
284 202
322 207
354 225
379 252
214 259
203 288
191 317
179 346
159 370
170 379
182 385
200 385
219 383
130 250
145 236
168 242
184 264
163 265
141 262
266 278
287 260
313 264
335 283
311 290
286 287
142 444
149 420
165 413
179 420
196 417
222 433
247 463
219 484
194 492
176 491
160 486
148 470
152 443
164 433
178 436
195 437
235 459
196 464
178 464
164 458
