61 293
66 347
77 397
89 444
107 488
133 527
166 561
204 590
246 601
290 595
328 569
363 537
392 501
413 460
430 414
447 369
457 319
93 260
125 237
163 227
204 231
241 247
301 253
337 241
376 239
413 251
436 279
269 299
267 337
265 374
264 411
228 432
244 439
262 446
280 441
296 436
135 300
160 285
187 286
211 309
185 312
157 310
320 315
343 293
371 294
393 311
372 320
344 320
193 488
220 478
246 471
259 477
274 473
296 483
317 494
293 518
271 530
255 532
239 528
217 514
204 489
244 489
258 492
273 491
307 494
272 503
257 505
242 502
