61 339
63 384
71 429
80 473
94 514
118 550
149 579
183 605
224 615
266 612
304 594
337 569
363 536
378 496
389 452
400 406
408 358
76 296
99 276
132 271
165 275
195 289
260 290
293 278
330 279
363 290
386 312
223 338
220 373
217 407
214 442
185 459
200 466
215 471
231 468
247 465
109 333
130 321
156 323
175 344
153 347
127 345
275 351
299 333
325 333
346 348
326 357
299 357
165 518
182 505
201 499
215 505
231 501
256 511
285 520
259 541
234 549
217 550
201 547
182 536
176 519
201 511
215 514
231 513
273 521
233 527
217 528
202 525
