85 187
87 243
95 299
106 354
125 402
155 440
191 472
232 496
275 504
320 497
359 468
393 429
423 385
444 332
460 280
475 224
483 167
119 134
146 117
179 113
211 116
241 130
318 128
353 115
389 111
424 118
451 139
280 183
279 227
279 270
278 312
244 331
261 337
280 343
299 337
317 330
149 186
173 172
200 173
222 193
197 198
170 197
339 192
360 172
388 171
411 184
391 196
363 197
214 399
238 385
261 377
281 382
298 377
320 385
342 399
320 421
298 431
280 433
259 430
237 419
225 399
261 395
281 397
298 396
330 398
297 402
280 404
260 401
