91 149
94 191
103 231
119 271
140 308
163 343
188 376
216 407
248 419
288 413
333 389
374 355
407 315
431 271
445 222
452 170
454 117
95 108
111 93
137 94
162 101
187 114
252 112
284 98
319 91
355 93
389 106
220 158
219 195
217 231
214 266
196 281
208 288
222 292
239 288
257 284
122 146
140 136
164 139
184 163
159 165
135 161
281 164
298 142
325 140
349 152
329 165
303 168
186 327
199 322
214 317
228 324
241 319
267 327
296 336
270 360
245 369
229 368
214 364
199 350
196 331
215 334
229 337
242 337
286 336
242 343
229 342
214 337
