75 162
74 208
78 251
88 295
105 335
129 371
158 406
193 437
232 449
272 441
311 413
345 379
373 341
394 298
407 254
419 205
427 155
95 132
116 116
144 115
171 118
197 130
262 129
295 118
329 115
364 118
395 133
229 169
228 204
227 240
225 274
195 285
209 291
226 299
246 291
266 284
121 165
141 155
165 157
185 176
161 175
138 173
283 175
304 157
327 155
349 166
328 173
305 174
156 313
183 311
208 311
230 316
251 312
283 313
317 316
285 359
253 376
230 378
205 374
180 355
166 318
207 323
229 326
251 324
309 318
253 352
230 354
207 349
