59 132
62 180
70 227
78 274
94 317
123 355
158 387
195 417
235 428
276 422
315 396
349 363
374 324
390 279
401 233
411 185
417 136
88 116
112 101
144 104
174 111
204 121
259 122
291 111
324 104
359 103
388 119
231 157
231 193
230 229
228 265
199 278
214 285
230 291
247 285
263 280
122 152
142 144
165 146
184 163
161 165
138 162
282 163
301 147
326 145
347 154
328 164
303 165
177 329
195 322
214 317
231 324
247 318
268 324
290 331
270 354
248 365
231 366
212 362
194 349
186 331
213 333
231 336
247 334
280 334
248 339
231 341
213 336
