60 134
66 182
76 228
90 272
108 315
135 354
165 388
198 417
236 426
276 418
317 391
355 360
388 323
411 279
421 233
429 183
436 133
83 105
104 88
133 83
163 85
193 95
261 94
293 84
327 82
360 88
389 104
226 153
225 189
223 225
222 260
199 279
212 283
226 287
241 283
257 278
123 151
144 141
169 142
189 162
165 167
140 164
278 163
298 145
324 144
348 155
327 167
300 168
177 333
195 321
214 313
229 316
243 312
265 318
292 330
268 351
245 361
230 363
214 361
196 353
188 334
214 332
229 333
243 332
281 331
245 336
230 338
215 336
