115 158
113 197
117 234
128 272
144 309
165 343
187 376
209 407
240 419
277 417
321 397
362 366
398 327
422 283
437 235
447 183
451 133
108 106
121 94
142 96
163 101
183 112
249 109
282 93
318 86
356 87
390 101
215 158
213 190
209 223
206 256
192 277
204 284
217 288
233 285
252 281
128 153
142 140
167 141
187 164
163 167
140 165
277 163
298 141
326 138
351 151
329 165
301 167
187 330
196 323
209 318
223 324
238 320
265 328
296 337
267 353
240 359
224 358
208 354
197 344
195 332
209 333
224 337
239 336
286 336
238 337
223 337
208 333
