60 163
67 209
73 254
81 297
99 336
128 367
160 395
192 422
229 433
269 428
310 405
350 379
383 342
403 297
413 249
421 199
427 148
83 126
105 108
136 101
167 104
198 113
259 109
292 98
327 98
360 107
386 127
228 159
228 193
227 226
226 260
201 275
215 280
230 284
245 280
261 276
122 165
140 153
163 153
180 170
160 174
138 173
286 168
303 151
325 149
345 160
327 169
304 171
173 323
195 323
214 321
229 325
243 321
264 325
293 327
265 349
243 356
228 357
213 354
195 344
181 325
214 333
230 336
243 334
284 329
242 336
228 338
213 334
