-18 97
-19 142
-16 189
-7 233
13 272
44 301
81 325
121 339
159 341
185 331
200 304
213 275
228 244
239 212
252 180
255 150
252 120
52 61
80 51
110 49
139 53
165 65
208 62
225 51
240 47
255 48
261 59
187 105
192 131
199 157
206 184
161 204
177 209
192 213
205 209
215 202
79 107
102 104
123 104
139 114
122 120
100 119
202 113
218 103
234 103
243 107
236 117
220 120
126 258
157 250
182 242
189 246
199 242
206 249
209 256
201 269
193 280
182 283
172 283
151 277
136 259
179 257
187 258
197 257
201 257
194 258
185 261
176 261
