64 148
67 195
76 241
89 283
109 321
133 357
162 388
197 411
234 418
270 410
304 389
332 359
357 324
378 287
392 244
399 197
402 151
81 115
105 94
139 89
172 94
202 109
268 107
298 93
331 88
364 92
389 111
234 160
234 197
233 235
233 272
196 286
213 293
230 297
248 293
265 288
115 158
138 145
165 148
186 169
163 172
135 171
279 169
302 147
329 145
350 158
332 171
304 173
164 322
194 326
217 324
232 328
248 324
270 326
297 323
270 345
248 356
231 358
215 356
192 345
174 326
217 336
232 339
248 336
288 326
248 335
231 338
216 335
