56 151
59 199
64 245
71 291
90 333
120 368
152 401
188 431
226 441
265 430
303 402
341 371
378 339
403 297
414 250
422 200
429 149
78 130
103 111
135 108
167 111
197 124
266 122
298 111
330 108
362 112
388 129
233 166
233 202
233 238
233 274
199 285
215 291
231 298
248 292
266 286
116 162
138 151
164 154
184 172
161 173
136 172
282 172
302 153
327 150
349 161
329 171
305 173
153 315
183 314
211 314
229 318
249 314
274 315
304 315
275 352
249 369
228 372
207 370
180 354
162 319
210 326
229 329
249 326
293 319
249 347
229 350
209 347
