59 148
65 195
75 237
86 279
103 319
127 357
158 390
195 416
232 422
269 414
307 388
338 356
362 318
377 277
387 236
395 193
400 146
79 125
102 105
133 96
167 94
198 105
263 106
294 95
328 94
361 105
382 128
232 152
233 187
234 223
235 258
203 273
218 278
234 283
250 278
265 272
114 158
134 145
160 145
183 164
159 169
133 168
279 164
301 146
327 145
348 158
328 168
302 168
178 329
196 315
216 307
233 312
248 307
267 314
286 329
268 352
250 361
233 363
215 362
195 352
187 329
216 322
233 323
248 322
275 328
249 336
233 338
216 337
