36 158
42 208
53 258
63 303
82 345
112 381
150 412
196 433
242 433
282 417
311 382
333 346
350 309
363 271
371 232
376 192
377 151
73 124
100 106
134 100
169 107
200 120
277 118
298 103
322 93
348 93
367 107
238 155
242 193
246 230
251 267
208 280
225 286
242 291
258 284
271 275
113 160
134 149
160 151
181 168
159 172
132 172
274 161
293 143
317 140
336 148
320 161
297 164
160 320
196 321
222 318
239 320
256 314
271 312
290 310
273 331
258 343
241 348
223 348
195 342
173 323
222 329
239 329
255 325
280 314
257 324
241 328
224 329
