65 158
65 202
72 245
84 284
106 320
135 352
166 382
200 410
239 420
279 413
315 387
347 356
375 322
395 284
405 242
410 197
411 150
79 132
104 112
136 109
168 116
197 129
253 129
285 116
320 112
353 118
381 134
228 164
229 205
229 246
231 286
193 290
211 298
231 306
252 298
270 291
116 154
137 144
161 147
181 166
159 166
135 164
278 167
299 149
322 147
344 157
325 166
301 168
165 314
193 322
216 323
234 330
252 324
277 323
307 316
279 345
255 356
234 358
215 356
192 343
174 319
216 334
234 338
254 334
298 320
254 336
234 339
216 335
