52 147
57 206
68 263
83 316
107 367
140 414
181 453
225 483
271 489
313 479
353 452
389 418
417 377
436 329
449 279
455 225
455 170
97 131
132 114
174 115
213 124
251 140
317 146
347 133
378 124
411 122
438 134
280 191
280 234
280 276
281 319
239 334
258 341
278 348
297 341
315 333
140 180
166 167
196 171
218 193
192 196
162 193
333 196
356 174
385 173
407 186
388 197
359 199
208 393
231 380
259 373
279 379
300 374
325 382
348 394
326 420
300 434
277 437
255 435
228 421
221 394
258 394
278 397
300 394
336 396
300 401
278 404
257 401
