10 120
18 174
30 228
43 277
64 320
100 355
144 382
189 401
227 404
257 391
279 361
300 331
321 299
337 262
351 222
362 183
366 141
71 122
104 110
141 106
178 112
214 123
276 121
303 109
329 103
354 99
375 110
243 163
245 196
246 230
249 264
209 279
225 283
242 288
256 282
268 273
108 156
134 146
162 147
182 166
158 173
130 171
278 163
299 141
325 137
344 146
329 163
304 167
172 328
198 318
222 311
239 316
254 310
269 314
283 322
268 338
255 350
238 355
220 355
195 348
184 329
222 327
238 328
254 325
273 323
254 326
238 329
222 330
