1 138
8 190
21 241
37 288
63 330
103 366
145 395
190 415
230 416
261 404
283 372
306 341
329 308
346 272
358 232
361 193
358 151
67 120
96 102
134 91
173 93
207 109
278 109
299 94
322 85
345 84
359 99
245 157
251 195
257 233
264 270
218 290
236 293
253 297
267 290
279 280
108 163
133 145
162 146
184 169
160 174
131 174
274 163
292 135
319 132
336 145
324 161
298 165
165 327
204 329
234 324
248 326
261 320
275 319
290 315
276 336
263 352
249 358
233 359
204 351
175 331
233 336
247 335
261 330
282 322
262 332
249 337
234 337
