38 122
43 176
55 228
71 278
96 323
124 364
155 402
189 428
231 431
272 420
304 392
335 357
364 320
383 276
393 229
400 180
401 132
84 107
115 96
149 99
182 106
215 119
267 118
295 106
324 99
353 94
378 105
237 157
237 192
238 226
238 261
203 277
218 282
235 287
251 283
267 276
117 154
138 142
166 143
187 164
163 171
135 169
278 162
297 140
324 137
346 148
328 164
301 167
172 334
194 321
216 311
233 316
248 311
265 318
284 332
265 354
248 365
231 369
212 367
193 356
183 334
215 328
233 329
248 328
274 332
247 337
232 340
214 339
