33 127
38 179
48 229
60 276
78 322
107 363
143 398
187 426
231 434
271 424
304 395
333 360
356 320
370 277
382 232
392 186
398 139
76 121
104 105
139 102
171 109
204 122
272 120
302 106
332 98
364 99
386 119
237 160
238 193
240 226
241 258
205 278
221 283
237 288
252 284
265 277
119 163
141 148
168 150
187 172
165 175
139 174
279 169
300 147
324 144
345 158
328 169
303 171
163 326
192 320
215 316
232 321
249 316
268 321
291 327
269 351
250 360
232 363
214 361
190 350
174 329
215 334
232 335
249 334
280 331
249 336
232 338
215 336
