107 189
110 237
117 283
130 329
153 372
181 413
211 454
243 487
283 499
328 492
373 464
415 428
451 386
480 341
499 290
511 233
517 175
115 142
136 122
169 120
202 129
233 143
310 144
346 128
389 119
432 120
471 138
270 191
267 231
263 270
258 310
233 330
248 336
266 341
287 337
308 332
146 184
167 171
197 172
223 197
194 201
164 199
341 196
366 171
398 168
429 181
402 197
369 199
221 392
234 381
251 372
268 377
284 373
311 384
340 399
313 425
287 436
270 437
251 432
234 418
232 393
252 387
269 390
285 389
328 398
286 406
269 406
251 402
