82 155
87 197
95 235
107 274
121 312
141 347
167 381
195 415
232 429
276 427
322 404
363 370
394 329
417 285
431 238
441 187
446 135
90 117
111 102
140 104
168 112
194 124
247 123
281 110
318 104
354 107
387 122
221 157
219 194
217 231
215 268
193 279
206 288
221 293
238 288
255 282
121 155
140 144
164 146
184 167
160 169
136 166
279 170
299 152
324 151
347 164
326 174
301 174
170 323
192 324
211 321
227 326
244 322
271 325
305 325
274 353
246 364
227 365
209 361
191 350
182 329
209 335
227 338
244 337
292 329
245 339
227 340
210 336
