61 140
62 189
68 233
78 277
97 318
123 354
153 388
184 422
222 434
260 424
297 393
331 358
362 318
382 275
393 227
403 180
410 130
91 112
119 102
149 107
177 113
204 125
261 124
290 110
321 102
353 101
379 114
233 159
233 198
234 236
234 274
198 282
215 289
232 296
250 289
266 283
117 157
138 146
162 149
182 167
159 169
135 168
280 166
301 146
326 143
347 155
329 166
303 168
162 319
189 317
213 316
229 319
247 316
269 318
294 322
269 357
245 373
227 374
209 372
186 356
172 324
212 326
229 328
246 327
283 326
245 348
228 350
210 348
