26 139
33 190
44 240
56 287
77 330
107 366
141 395
182 414
224 411
262 399
296 370
325 339
349 303
362 263
373 221
383 180
387 137
64 120
96 100
135 95
173 99
210 111
276 112
304 98
333 90
363 91
383 108
241 156
242 194
244 233
246 271
206 282
222 286
239 291
255 286
268 279
110 157
132 142
161 144
182 166
158 173
129 172
282 161
302 138
330 135
348 147
334 164
306 167
168 330
196 322
219 317
235 322
251 316
263 319
277 323
262 336
249 346
232 350
214 349
193 344
178 330
218 329
234 330
251 327
267 325
249 326
232 331
216 329
