107 161
103 199
106 235
119 272
135 308
154 343
174 380
196 417
227 436
270 436
317 414
363 384
402 347
430 303
447 253
460 200
465 147
106 105
122 92
145 97
168 105
191 116
247 115
285 102
322 96
363 100
396 118
217 160
213 195
207 230
202 265
186 280
197 289
212 295
230 289
249 283
130 149
145 138
169 140
189 162
164 163
141 160
279 166
301 148
327 147
351 160
329 170
303 170
174 323
188 323
204 322
219 327
234 324
265 329
303 330
267 357
237 367
219 368
202 363
188 348
182 329
204 336
219 340
235 340
291 332
235 340
219 341
203 336
