117 198
117 246
121 294
131 342
146 389
169 431
203 466
239 496
280 510
329 506
381 483
431 455
469 417
495 370
509 318
519 263
524 208
127 142
149 125
182 123
213 129
242 141
305 137
344 123
386 118
427 129
458 155
271 187
266 225
261 263
255 302
232 325
246 333
263 339
282 334
302 328
156 182
178 169
205 171
229 195
201 198
175 195
336 198
361 176
390 175
416 192
392 203
362 203
214 393
231 379
250 371
267 378
285 375
314 386
349 402
316 426
287 433
268 432
249 428
230 415
226 394
250 391
268 394
285 394
336 402
286 402
268 401
251 397
