123 157
120 195
126 233
140 275
156 315
176 352
196 388
218 421
251 434
295 431
343 409
390 378
431 339
459 294
471 242
475 187
474 132
109 108
121 94
144 96
167 105
189 116
239 109
276 93
315 87
356 92
390 110
215 155
211 190
204 225
198 261
184 278
197 287
212 293
231 287
250 282
134 150
147 138
170 140
190 159
168 161
146 160
277 161
298 143
324 142
349 155
327 165
300 165
180 330
192 323
205 320
218 326
233 323
265 333
303 340
269 359
239 366
221 366
206 361
194 349
188 333
206 335
219 338
235 339
290 341
236 341
220 340
206 336
