100 159
100 198
105 238
113 278
125 318
144 357
170 392
200 423
238 436
281 431
326 409
369 381
405 347
428 305
444 259
453 208
460 157
100 115
116 97
143 96
169 103
195 115
254 108
289 94
326 87
364 93
394 115
222 154
218 187
214 219
210 252
192 272
203 279
217 284
235 279
253 274
129 153
147 141
171 142
192 163
168 166
144 164
281 162
303 143
330 142
353 155
332 166
304 167
176 332
192 319
209 313
224 318
239 314
265 325
294 337
265 359
239 368
222 368
206 364
190 352
186 334
209 331
224 334
239 333
281 338
238 338
223 338
207 335
