45 137
50 187
59 234
70 280
87 323
115 359
149 391
187 414
227 421
262 414
293 389
317 356
340 320
357 280
370 238
380 193
385 147
80 125
109 109
141 108
172 112
203 123
269 118
299 108
327 101
356 104
374 124
236 164
238 202
240 239
241 276
200 283
219 289
238 297
256 290
272 283
118 160
140 150
163 152
181 172
160 171
136 169
281 171
302 151
324 147
343 158
328 167
305 169
157 315
188 317
215 315
233 321
252 317
273 320
301 316
273 342
251 355
231 357
212 355
185 340
168 320
215 331
233 334
252 332
291 321
251 332
232 335
214 332
