50 124
52 173
62 220
72 266
88 310
115 351
149 386
188 416
228 425
269 414
306 382
338 347
367 310
385 268
396 224
405 180
407 133
85 112
113 102
142 103
170 107
196 118
275 118
299 108
325 104
352 100
379 106
235 163
234 200
233 237
233 275
197 287
214 292
232 297
250 291
267 284
116 159
139 148
165 151
186 170
162 175
136 173
282 169
303 149
328 147
350 157
332 170
306 173
162 319
193 324
218 322
234 327
250 321
273 322
302 316
273 346
251 359
233 363
216 361
191 349
174 325
218 337
233 339
250 335
290 322
251 336
233 340
217 337
