88 143
91 185
98 225
109 271
126 313
152 353
182 388
212 417
249 428
292 424
336 400
376 369
411 334
435 293
445 245
448 194
448 143
91 107
110 90
136 91
162 98
187 112
247 111
280 96
316 90
353 94
385 111
221 160
220 197
219 233
217 270
193 284
208 291
224 296
242 291
260 286
122 148
141 135
166 138
185 162
162 166
138 162
273 163
292 140
320 137
345 151
325 166
296 168
174 325
192 322
211 318
226 324
241 318
271 326
305 331
276 359
249 371
230 371
213 367
194 351
186 329
212 335
227 339
243 337
292 333
245 342
228 342
212 338
