-7 109
-5 148
-1 189
11 225
33 257
65 282
100 305
136 323
169 326
195 316
214 291
230 262
244 234
256 204
263 175
265 147
261 119
53 76
77 63
104 57
131 60
156 70
204 73
221 66
236 65
250 66
260 75
179 115
184 140
188 165
193 190
161 207
174 211
186 215
197 211
206 205
81 114
99 105
119 106
137 122
117 125
96 124
201 122
216 107
235 106
248 116
236 125
218 126
131 253
152 239
174 232
185 234
194 231
206 237
215 250
207 264
195 272
184 274
171 274
152 265
140 252
172 250
184 250
194 250
209 251
195 252
185 253
173 253
