66 163
65 206
69 247
78 289
93 330
115 367
145 401
182 427
224 437
267 429
306 405
340 375
367 337
386 295
398 251
410 205
415 159
91 123
115 107
146 107
174 113
201 125
262 124
292 111
324 105
356 107
382 124
232 163
231 197
230 229
229 263
200 281
214 287
229 292
246 287
262 281
121 166
140 153
163 155
184 173
161 175
138 173
283 172
302 154
325 152
346 165
327 172
304 173
159 320
186 317
211 315
229 320
245 316
271 320
301 322
271 348
245 358
227 359
208 356
184 343
170 324
210 332
229 335
245 333
290 326
245 334
228 335
210 332
