49 118
56 170
66 220
78 267
97 310
126 348
158 382
195 409
235 418
276 411
313 387
347 355
376 316
396 273
411 225
424 172
430 119
83 113
109 99
140 100
170 109
199 124
263 124
293 107
326 99
361 100
391 117
230 165
229 206
228 247
227 287
193 287
210 296
229 303
249 296
268 287
114 157
136 145
161 149
182 173
157 175
131 171
283 173
304 150
330 146
353 158
334 172
307 175
165 313
192 315
212 314
231 318
248 314
271 314
301 314
274 336
251 348
232 350
213 347
192 334
176 317
212 326
231 330
249 327
291 317
250 327
232 331
213 327
