-31 146
-28 204
-22 264
-9 318
24 363
74 396
127 422
183 440
228 438
257 417
270 376
283 338
297 302
309 266
318 227
320 189
315 154
64 115
102 95
146 89
189 95
229 111
279 106
298 95
317 86
335 82
344 94
255 153
263 187
273 222
282 256
222 282
242 285
261 288
276 284
288 276
110 154
135 139
165 139
185 159
163 167
133 166
270 155
288 132
311 128
323 142
314 157
292 160
157 340
199 333
235 324
250 328
262 323
272 328
275 334
268 354
258 368
243 372
226 373
193 366
168 342
232 342
248 342
260 340
268 338
259 340
246 345
230 346
