65 152
67 200
76 248
86 293
104 335
130 373
161 408
197 436
235 444
275 433
312 404
348 369
377 329
394 285
404 239
411 193
414 147
83 126
104 101
138 93
172 98
202 111
258 111
288 99
322 98
355 107
379 127
230 155
230 188
229 221
229 254
197 278
213 283
229 288
246 283
263 277
119 157
140 144
167 147
187 167
164 171
137 170
279 166
299 148
325 148
344 163
326 172
301 173
171 332
195 326
217 321
232 325
248 319
269 322
293 326
270 348
250 362
232 366
215 365
194 356
181 336
216 339
232 340
248 337
283 329
249 338
232 342
216 340
