-4 131
-1 188
9 244
29 293
60 337
100 376
144 409
193 431
234 429
267 410
289 374
307 341
327 307
344 270
354 230
357 191
352 155
71 114
104 100
141 94
177 97
212 111
283 111
301 98
321 89
341 84
354 95
249 158
254 197
260 237
266 277
213 290
234 295
253 300
269 293
281 282
114 155
137 139
165 142
186 165
163 170
134 168
275 159
293 134
317 130
333 143
321 157
298 161
158 334
196 333
227 329
245 331
260 325
272 324
281 325
271 343
260 356
244 362
224 363
194 357
170 338
226 341
245 341
260 337
273 330
260 334
245 340
226 341
