53 144
59 193
69 242
79 289
93 334
120 371
155 403
195 428
237 433
277 422
313 390
345 353
369 313
387 268
399 223
409 177
414 131
73 113
97 91
132 87
167 94
197 110
260 112
292 99
324 95
356 97
381 115
232 154
233 188
235 221
237 255
204 276
219 281
234 285
249 281
263 275
113 154
134 143
161 146
182 166
158 170
131 168
276 166
296 147
321 145
341 156
325 170
299 171
174 331
198 321
220 314
236 320
252 314
271 320
292 327
271 352
252 364
234 367
216 366
195 356
185 333
218 334
235 335
252 333
280 329
251 335
234 338
218 336
