117 153
113 194
115 233
127 272
141 312
158 349
179 385
201 418
234 433
276 432
327 411
373 383
412 345
440 301
458 251
469 195
474 140
111 108
125 94
147 95
170 101
193 112
247 104
284 91
322 84
362 89
394 109
219 153
215 186
209 219
203 253
192 273
202 280
215 284
231 280
249 276
135 151
149 139
172 140
192 160
168 161
146 159
281 160
301 142
326 141
351 153
329 162
304 163
180 331
188 319
204 311
217 316
231 313
260 324
293 339
262 360
235 366
218 366
203 362
190 350
189 333
205 331
219 333
233 333
280 339
232 337
218 336
203 334
