68 151
69 200
76 249
89 295
110 337
136 375
167 410
203 440
241 449
281 439
318 409
350 372
378 330
396 285
409 239
420 190
424 141
81 111
102 90
134 89
164 96
192 111
261 115
294 101
327 97
360 102
384 120
230 158
230 193
230 227
230 261
198 278
214 284
230 289
246 283
262 279
115 155
137 142
163 146
184 168
160 170
133 168
274 170
297 150
323 149
344 161
326 172
299 174
166 326
193 319
215 316
232 321
251 316
276 320
305 323
277 358
252 372
232 375
213 373
191 361
176 330
214 327
231 329
250 327
295 326
251 347
232 350
215 348
