87 164
89 206
92 248
98 289
113 326
137 360
166 391
198 421
235 434
276 430
318 406
354 375
385 339
405 298
413 250
420 203
423 154
89 121
110 105
138 103
167 106
196 117
258 116
291 103
326 100
361 106
390 124
226 162
226 200
224 236
222 272
193 282
208 289
225 296
244 290
262 285
119 164
138 151
164 154
184 177
160 176
135 174
281 177
302 155
328 152
351 165
331 175
304 177
164 313
189 319
210 321
227 326
243 322
271 322
306 320
273 349
245 361
227 361
208 358
187 345
174 320
210 336
227 340
244 338
294 324
244 338
227 339
209 336
