23 338
26 389
34 439
46 488
66 534
94 576
127 616
166 647
210 656
256 646
300 616
339 579
372 537
394 491
406 441
414 390
418 337
43 296
66 271
101 264
136 270
169 285
243 284
278 269
317 262
356 271
382 297
207 334
207 368
207 402
206 436
173 460
190 465
207 469
225 465
243 461
86 342
107 332
131 333
153 346
130 350
106 349
267 346
288 333
313 333
336 341
314 349
290 349
137 525
161 510
187 503
205 507
224 504
252 512
282 527
253 559
225 573
205 575
185 572
160 556
148 526
187 522
205 524
224 523
271 527
224 542
205 544
186 541
