12 218
15 259
25 300
35 339
51 377
74 411
100 443
131 469
167 474
206 466
243 441
276 409
302 369
317 327
326 283
333 238
336 192
14 176
27 156
52 150
79 155
104 166
174 160
204 146
237 141
269 149
292 168
138 210
138 241
138 272
137 304
115 327
128 333
143 336
159 332
175 328
42 213
58 198
83 199
103 219
82 224
56 224
192 215
212 193
239 191
260 204
243 216
216 218
102 384
117 373
134 366
148 372
163 367
186 375
209 385
188 408
166 417
149 418
134 416
117 406
111 385
135 383
148 385
164 384
200 386
164 390
148 392
134 390
