46 263
48 314
56 363
66 409
81 455
106 497
139 535
179 564
221 573
264 567
305 539
339 502
365 459
383 413
397 366
409 318
415 268
75 251
104 236
138 234
171 240
202 254
269 255
298 241
330 233
362 236
388 252
231 295
230 329
230 362
229 396
197 413
211 418
227 424
243 420
258 415
110 293
131 281
157 283
177 303
154 308
128 306
283 305
303 285
329 283
349 294
332 308
306 310
166 472
190 459
211 452
225 457
240 453
260 462
281 475
260 501
240 510
223 511
207 509
187 498
177 474
210 475
225 476
240 476
271 477
240 477
224 479
209 477
