36 284
33 345
39 403
53 456
76 506
110 547
147 583
188 607
230 611
269 602
303 578
335 547
363 513
387 471
406 426
423 379
430 329
89 233
126 220
165 221
202 232
236 251
324 257
355 246
387 244
416 249
434 270
275 309
274 352
273 395
272 437
222 455
242 463
262 471
281 466
298 459
121 289
151 275
185 281
207 311
178 314
144 309
321 319
349 295
380 295
400 313
380 328
348 326
180 512
212 506
242 500
258 507
273 503
295 511
315 520
291 538
268 548
251 550
233 547
206 536
192 515
239 521
256 523
271 523
305 522
271 521
254 522
238 520
