1 153
4 197
14 240
31 282
54 316
80 346
106 375
137 398
166 404
198 399
229 375
255 344
279 307
298 267
310 223
320 178
325 133
22 100
44 86
73 83
102 86
129 97
203 98
232 83
263 78
293 81
314 96
166 147
166 184
165 221
165 257
138 272
152 277
168 282
182 276
197 270
52 147
72 135
97 136
118 156
95 161
69 160
215 151
234 131
260 127
280 139
264 154
238 156
114 325
133 316
151 310
166 314
179 309
199 316
221 323
202 345
184 352
169 353
153 352
134 342
124 325
151 326
166 327
180 325
210 325
183 329
168 329
153 328
