50 248
53 293
63 336
76 376
96 412
123 444
152 473
185 497
219 502
252 493
285 465
315 433
339 397
355 359
367 318
373 275
373 232
73 229
98 211
130 206
161 211
190 224
232 221
260 209
291 204
322 205
347 218
214 267
215 301
216 335
217 369
187 384
202 388
217 393
232 388
246 382
106 265
124 254
148 256
169 274
146 280
122 278
256 271
274 251
299 249
319 258
302 273
277 275
157 416
181 419
200 416
214 421
227 416
245 419
270 416
246 438
228 448
214 450
199 448
181 439
165 420
200 429
214 432
228 429
261 419
228 428
214 432
199 430
