12 272
18 310
30 347
46 384
65 418
87 449
112 479
137 505
165 516
199 510
234 487
266 456
295 420
317 379
332 332
340 284
340 235
4 208
17 191
40 188
66 192
89 203
144 199
176 182
212 174
249 179
281 192
120 250
121 285
120 321
120 356
106 374
117 382
130 386
145 381
159 375
32 252
47 238
73 239
93 260
71 267
45 266
173 255
192 232
221 228
245 241
227 256
198 259
100 425
113 419
129 414
140 418
154 413
182 417
212 420
188 448
164 461
147 463
133 460
118 448
110 427
130 428
142 430
157 428
203 423
159 438
144 440
131 438
