31 235
37 283
47 330
57 376
74 417
101 454
132 484
170 507
209 513
247 505
279 478
307 445
330 409
345 369
357 327
368 284
376 238
64 215
89 199
122 196
156 200
187 211
240 209
271 198
304 194
335 201
357 221
213 250
213 284
213 318
212 352
182 367
197 372
212 378
227 372
241 367
105 252
125 240
148 241
167 261
146 263
122 262
257 262
275 242
299 240
318 253
301 262
278 264
149 413
173 405
196 402
213 407
230 402
249 405
269 410
250 431
231 443
213 446
194 444
172 432
159 415
195 421
213 422
230 420
259 413
230 419
213 422
195 419
