83 162
82 206
83 250
86 295
99 336
121 373
150 406
186 432
231 441
279 436
324 412
363 378
393 339
411 294
421 247
429 199
432 151
98 115
119 101
146 101
172 105
200 115
257 116
289 104
323 99
358 103
386 122
229 158
228 189
226 220
225 251
199 274
213 278
228 282
244 279
260 275
124 161
143 146
168 147
188 169
164 173
140 172
281 168
300 146
326 144
348 160
329 171
303 172
172 331
192 315
213 306
229 309
243 306
268 316
294 332
268 357
243 367
227 368
210 366
191 355
183 332
213 324
229 325
243 326
281 333
242 341
227 341
211 339
