54 161
56 208
62 255
70 301
87 341
114 375
149 406
190 430
234 437
279 428
319 402
354 371
381 335
397 293
404 247
411 201
416 154
82 118
108 99
142 97
175 102
204 117
260 118
290 104
321 99
354 100
378 116
232 158
233 191
234 224
235 257
201 277
217 281
234 285
250 280
266 275
121 161
141 150
165 153
186 171
163 172
139 171
278 169
295 150
319 148
340 157
323 167
299 170
166 328
194 320
217 314
235 318
254 313
277 317
302 324
279 351
257 366
237 369
218 367
193 355
177 331
218 328
235 330
254 327
291 327
255 341
236 345
218 343
