6 232
9 283
20 333
34 379
57 420
87 455
123 483
163 502
200 505
233 496
261 471
285 440
307 406
326 367
337 327
345 286
346 245
55 197
88 177
127 173
165 179
198 195
266 198
290 185
315 180
340 180
355 199
230 240
233 278
236 317
239 356
194 372
212 376
230 381
245 377
258 369
89 233
115 221
143 223
165 246
139 250
111 248
267 246
288 225
314 223
331 237
316 250
290 251
158 424
184 414
207 406
223 412
237 407
250 413
261 422
248 436
235 443
220 446
202 445
179 438
168 424
205 421
222 423
236 420
253 423
236 421
222 422
205 421
