66 272
65 320
73 367
86 411
106 453
134 491
165 525
200 553
239 562
278 554
316 527
349 495
378 461
400 421
412 377
417 330
415 284
93 217
120 197
155 190
189 193
222 208
278 206
310 193
345 190
379 196
403 220
247 257
247 291
246 325
246 359
210 389
228 394
246 399
264 394
281 389
122 261
143 248
171 249
193 270
168 274
140 272
300 270
323 249
351 248
373 263
353 275
325 275
178 454
200 433
226 421
245 428
262 423
286 434
307 456
285 482
262 497
242 499
221 496
198 482
190 455
225 448
244 449
262 448
296 456
261 464
243 466
223 463
