35 234
34 282
39 329
48 375
67 416
93 450
125 478
163 498
204 502
244 494
275 469
303 438
329 404
346 366
356 325
365 283
367 239
69 184
97 168
130 165
163 169
196 178
254 180
281 170
309 166
336 165
357 180
221 218
221 248
222 279
223 310
185 340
203 342
219 345
235 341
250 336
97 219
119 207
142 208
163 224
140 228
116 228
266 222
287 205
311 204
330 215
312 225
288 225
149 401
176 389
201 378
218 382
234 376
255 383
278 393
255 409
234 419
217 422
199 423
175 418
160 402
201 398
217 398
234 394
267 395
234 393
218 397
201 398
