21 366
29 425
45 479
62 530
88 574
122 613
162 642
205 665
245 666
280 651
306 617
334 586
359 554
379 518
391 479
400 438
404 395
72 349
106 326
150 320
193 329
233 347
300 353
328 341
357 337
385 338
402 359
268 398
270 433
273 469
276 504
226 524
246 526
265 532
281 529
295 523
123 393
149 382
176 385
198 407
173 411
144 407
307 411
328 392
353 391
370 401
355 415
330 416
171 570
212 571
244 566
259 569
272 564
287 566
303 565
286 588
272 599
257 603
240 603
210 596
182 573
243 582
259 582
272 579
293 569
272 576
258 581
242 582
