26 170
28 219
34 267
47 314
70 355
100 390
133 422
168 448
205 452
242 441
277 408
308 371
335 334
354 291
364 246
373 201
378 154
52 131
77 118
105 114
133 117
161 128
240 126
271 113
306 109
339 116
364 136
201 182
200 220
199 258
199 295
169 313
185 317
202 322
218 317
235 312
85 178
106 167
132 170
151 193
128 196
101 193
254 190
275 166
304 163
327 175
308 190
279 193
138 355
163 352
185 349
202 354
218 348
240 350
268 352
242 378
221 391
203 394
184 392
162 382
147 358
185 365
202 367
219 364
256 355
219 365
202 368
185 367
