12 133
16 176
26 219
39 259
60 296
86 330
113 363
144 392
181 400
216 392
244 363
266 329
288 293
306 254
318 212
328 169
330 127
29 103
53 89
83 85
115 92
142 107
207 103
236 89
266 81
296 82
319 95
177 136
179 174
181 211
183 248
143 257
163 265
182 272
200 264
216 256
65 131
83 118
109 120
129 139
108 142
82 141
221 137
240 116
266 113
284 126
268 136
243 138
113 294
134 290
158 290
177 295
199 290
222 290
241 295
224 324
202 340
179 343
158 339
134 324
121 297
159 302
178 305
199 302
232 297
200 319
179 323
159 319
