12 289
16 335
26 380
36 423
55 463
81 500
111 535
147 563
184 572
219 561
251 529
277 491
300 452
317 410
324 366
331 319
333 272
39 261
61 245
89 240
117 241
143 252
198 245
225 235
253 232
280 235
301 250
174 290
176 323
178 356
179 388
149 409
164 412
178 415
192 411
204 408
75 293
93 282
115 284
130 300
113 303
91 302
215 296
230 278
252 276
269 287
256 296
235 298
119 459
138 447
160 442
176 446
193 443
215 448
234 456
217 489
196 506
176 509
158 507
136 493
126 461
160 457
176 458
194 457
226 458
194 481
176 485
159 483
