37 198
39 244
46 286
52 328
65 366
88 400
118 429
150 454
191 466
232 462
270 441
306 417
336 387
357 350
370 308
383 265
392 218
69 158
95 142
129 141
161 149
189 164
242 165
273 152
306 149
338 155
362 175
211 197
209 229
207 261
204 293
173 310
187 317
202 323
219 319
235 315
100 195
119 183
143 185
163 205
141 207
116 205
260 212
281 194
305 194
324 209
305 217
281 216
137 357
162 350
186 345
201 350
217 346
239 353
263 362
238 388
215 398
198 399
181 396
159 384
147 359
184 358
200 361
216 360
253 363
216 376
200 377
183 374
