4 271
6 318
17 363
33 409
52 450
77 487
101 519
129 544
161 553
194 547
227 527
257 496
285 461
310 421
327 374
336 326
337 274
12 229
33 213
63 212
93 217
123 231
191 232
219 217
250 209
283 207
310 223
156 275
155 318
155 361
154 404
123 413
139 422
158 428
178 421
196 414
41 266
61 257
85 259
107 280
82 283
57 281
214 281
234 260
260 256
283 266
264 281
237 284
106 465
123 458
143 453
159 458
173 454
194 460
217 470
195 492
174 502
158 503
141 499
122 486
116 467
142 469
159 472
174 471
208 470
174 474
158 475
142 471
