-8 181
-9 231
-4 280
3 328
23 371
51 407
84 438
120 459
157 464
190 455
218 425
243 391
268 356
287 318
298 278
306 236
308 194
32 144
62 132
95 133
126 139
156 150
210 154
234 145
259 141
284 140
303 153
182 188
182 220
182 254
181 288
142 308
159 312
176 317
191 313
206 308
63 179
84 168
106 171
124 188
103 190
81 189
220 190
238 172
261 171
277 182
262 192
240 193
95 353
127 352
154 349
171 354
187 349
205 352
225 354
203 373
185 384
167 387
149 385
124 374
105 356
152 364
170 366
186 363
215 358
185 362
169 365
151 363
