17 321
23 375
36 425
52 472
75 519
106 558
141 589
181 614
226 616
263 605
292 571
319 533
345 491
363 446
376 397
383 346
380 294
38 278
63 258
98 254
133 256
167 269
237 264
269 249
304 240
339 242
367 262
206 318
208 361
210 405
213 447
172 460
192 467
214 473
232 465
248 457
74 317
96 304
122 306
145 326
120 331
92 331
259 322
282 299
310 295
334 305
315 322
286 325
143 510
169 502
194 496
213 500
231 494
255 497
277 500
256 527
234 542
215 546
194 546
170 535
152 511
194 514
214 515
232 511
267 503
232 514
214 518
194 517
