15 262
18 317
25 371
37 422
62 467
94 509
131 548
174 579
220 590
264 582
301 551
332 513
360 470
382 425
399 375
410 324
413 271
64 219
96 203
133 201
169 205
202 216
278 218
308 208
339 204
371 209
393 229
239 271
239 311
240 352
240 392
198 408
217 414
237 420
256 415
273 410
103 268
128 256
154 259
175 280
152 281
125 279
291 281
313 259
339 257
361 270
342 280
316 282
151 455
183 446
214 442
232 447
251 444
276 452
298 463
275 501
250 516
229 518
209 513
179 494
160 458
213 456
232 460
251 459
287 466
250 489
230 491
210 487
