22 291
24 338
34 383
47 426
71 463
100 498
131 529
163 554
197 562
231 556
262 532
292 502
321 470
345 436
361 395
372 352
376 305
47 264
78 248
114 248
148 257
179 272
240 270
269 256
301 249
332 250
358 267
211 313
211 351
211 388
210 426
168 432
187 440
209 449
229 442
247 433
83 307
105 295
131 297
154 319
129 322
102 320
258 320
279 298
305 295
327 307
308 321
282 323
127 459
156 465
185 463
204 469
222 465
246 468
276 465
246 496
222 509
202 510
182 507
155 490
138 464
184 478
204 481
222 479
265 470
222 485
203 488
183 483
