30 277
39 332
53 383
73 433
97 477
130 517
168 550
211 573
256 576
297 568
332 542
369 510
399 471
417 422
426 369
432 317
436 264
63 237
94 215
134 209
174 214
212 227
276 225
310 210
345 203
380 206
406 225
245 275
248 311
251 347
254 383
216 409
235 413
254 416
270 411
286 406
109 278
131 264
159 265
186 287
158 292
128 291
295 283
316 260
346 258
371 270
350 284
321 287
177 463
206 454
234 444
251 448
267 443
294 450
320 457
296 488
271 506
253 510
234 508
206 495
188 465
234 460
251 461
268 459
310 460
269 477
252 481
234 480
