33 299
33 344
41 388
53 430
73 469
96 504
119 539
145 569
179 581
217 575
254 548
287 513
315 475
341 435
358 391
370 342
375 291
39 240
56 224
82 222
108 226
132 238
195 239
230 226
265 224
299 231
326 250
164 291
162 326
161 362
159 397
136 414
149 421
164 426
180 421
195 416
64 288
80 274
105 277
123 297
103 301
78 300
219 298
237 277
263 276
283 291
265 302
240 303
119 466
133 457
152 452
166 456
184 453
211 459
237 466
212 498
187 512
167 514
151 510
134 494
128 468
152 466
167 468
185 467
227 467
186 489
167 491
152 487
