80 245
86 303
96 359
111 412
134 461
165 503
200 542
239 574
284 586
327 579
363 551
394 512
424 471
446 424
459 372
470 317
475 264
119 223
151 201
190 198
228 204
264 219
339 219
372 204
408 199
443 201
470 223
298 274
298 317
298 360
298 403
254 420
276 426
296 432
316 427
336 421
163 273
191 264
220 265
241 285
215 290
187 287
354 285
381 267
409 263
429 274
411 288
382 289
206 452
242 458
272 457
292 463
311 459
338 462
370 460
338 487
311 502
291 504
269 501
239 484
221 458
272 472
292 476
311 474
357 465
311 475
291 478
270 474
