135 166
131 208
136 251
150 293
167 332
187 371
205 408
222 442
252 456
294 458
343 443
389 417
433 381
466 334
485 275
491 210
489 148
120 93
129 82
147 85
164 94
180 106
235 95
272 77
313 70
355 75
393 93
210 150
205 185
197 220
189 255
181 278
192 287
207 292
224 289
242 285
142 144
152 127
175 129
194 154
172 156
150 155
275 154
296 129
325 128
354 145
328 157
300 158
192 343
192 333
200 326
211 332
224 328
256 338
294 351
261 372
233 379
219 379
207 374
199 360
200 344
203 343
214 347
227 347
283 350
227 352
215 351
204 346
