0 137
2 179
7 223
18 265
37 299
67 321
104 339
143 349
177 350
202 339
220 312
238 283
252 253
263 220
270 187
271 153
265 121
57 90
76 75
102 68
130 67
156 74
200 74
218 65
237 62
255 65
267 80
181 115
185 141
191 166
196 191
161 212
175 215
188 219
199 216
210 211
86 119
105 107
125 106
139 124
123 127
103 125
206 123
222 106
239 103
249 114
241 122
223 123
121 254
151 249
174 244
186 247
197 243
210 246
219 250
210 265
198 272
187 275
173 274
151 268
130 255
174 258
186 258
197 256
213 254
197 254
187 256
174 256
