114 175
105 214
103 254
112 295
127 334
147 371
168 407
193 442
228 458
272 456
322 436
371 408
415 373
445 327
459 274
469 220
475 166
114 122
129 107
152 104
176 108
198 117
254 115
290 102
329 100
368 110
399 131
224 161
219 190
212 219
205 248
186 276
199 283
215 287
235 283
256 278
137 165
153 152
174 153
193 170
172 171
152 171
285 170
306 154
330 154
353 166
331 172
307 172
169 329
184 319
202 313
220 317
238 312
272 319
313 325
276 359
243 373
222 375
203 372
186 356
179 332
203 327
220 329
239 328
301 329
241 348
221 349
203 346
