-19 129
-23 189
-22 252
-11 309
15 356
58 392
106 421
158 440
204 440
237 423
255 388
277 353
305 323
328 287
344 246
351 205
352 163
87 116
119 97
158 89
196 93
229 108
289 107
309 93
330 84
349 81
360 95
257 160
261 197
266 234
271 271
214 288
235 294
255 300
272 293
285 282
123 155
151 142
178 143
197 164
174 169
147 167
276 158
294 134
317 129
330 140
321 155
298 159
148 332
191 330
227 323
244 327
257 319
268 320
274 319
264 340
254 359
239 366
220 368
187 359
160 335
225 340
242 339
256 333
265 325
255 333
241 340
224 342
