8 147
15 203
30 255
48 303
74 346
110 383
148 412
189 431
230 432
263 417
286 385
308 351
329 318
347 282
360 242
366 203
365 162
57 124
90 98
131 88
174 92
213 105
270 106
297 95
325 92
351 99
366 123
243 159
247 197
251 235
256 273
203 288
225 293
248 297
266 291
283 282
108 155
135 144
162 146
184 166
160 169
132 167
276 166
295 146
318 145
335 156
320 166
297 168
159 328
195 327
225 322
243 327
260 320
275 322
291 319
274 340
260 353
242 358
222 357
193 347
171 329
224 337
243 338
260 333
282 323
260 333
242 339
224 337
