51 148
55 197
66 247
83 292
106 333
132 370
161 403
195 424
232 427
268 417
296 388
322 354
347 319
363 279
373 238
381 197
383 154
82 114
109 95
143 89
178 91
212 101
262 99
289 88
317 85
344 89
364 106
234 149
236 188
237 226
239 263
201 281
219 286
237 291
253 285
269 278
119 153
140 144
163 145
182 160
161 163
138 162
281 159
300 143
321 141
339 149
324 159
302 161
176 332
199 322
220 316
237 320
255 314
271 318
286 326
272 345
257 356
238 360
219 358
199 350
186 332
220 332
237 333
255 330
277 328
256 331
238 335
220 333
