74 165
78 210
86 253
92 294
104 334
126 368
156 399
191 422
230 433
271 426
309 400
345 368
374 331
392 286
404 241
412 193
414 142
90 120
114 102
145 101
175 106
204 120
257 118
286 105
316 96
348 94
374 110
231 155
233 191
234 228
234 264
204 279
219 285
234 290
250 285
266 279
120 153
139 143
164 146
184 164
160 166
136 165
278 162
298 143
324 141
345 152
326 164
301 166
173 330
193 321
215 314
231 320
247 315
269 323
292 331
269 359
246 370
227 372
209 368
188 356
183 332
214 332
231 335
247 333
280 334
245 342
229 343
212 340
