71 176
81 235
94 290
109 341
136 387
170 429
200 467
236 497
280 505
324 498
358 467
392 433
426 394
450 346
464 292
476 237
482 179
94 159
121 137
159 134
197 139
233 154
317 157
351 143
388 138
426 141
454 162
278 207
281 248
284 290
287 329
241 341
262 348
284 355
304 347
323 339
137 195
160 184
190 187
215 208
187 209
157 207
333 208
357 186
386 184
412 197
389 206
359 209
191 377
225 377
260 375
282 380
302 374
334 375
364 375
338 429
306 452
283 455
258 451
223 430
200 381
260 387
282 390
303 386
355 380
305 427
283 431
259 427
