62 168
61 211
65 254
74 297
91 336
115 371
144 402
180 426
220 434
259 428
296 404
329 374
359 340
380 302
392 261
401 217
405 172
90 127
115 110
146 108
176 112
203 125
264 125
294 113
327 110
358 116
380 136
233 167
232 201
231 234
229 268
195 281
212 288
229 294
246 289
264 283
122 166
143 155
165 157
186 176
162 177
140 174
282 178
301 161
323 160
343 172
324 180
302 180
148 312
179 311
207 310
228 315
247 312
273 315
305 317
272 341
245 351
225 353
203 349
176 336
160 316
206 326
227 329
246 327
292 320
245 328
226 330
205 326
