94 146
95 189
99 234
109 279
123 320
145 359
173 393
203 426
241 442
288 440
336 418
382 389
424 352
451 304
463 249
467 191
468 132
95 116
111 100
137 99
164 105
191 116
241 115
278 101
317 96
357 101
392 119
219 157
218 190
215 224
212 258
190 279
204 286
219 292
238 289
257 285
127 152
144 140
168 142
188 164
165 167
141 166
275 165
295 143
324 142
349 157
327 168
299 170
174 327
192 321
208 317
223 323
239 320
270 328
307 333
272 357
242 364
225 364
208 359
192 348
184 330
208 333
224 337
240 337
295 334
240 340
224 340
208 336
