22 176
27 237
39 298
56 353
87 403
128 444
174 478
222 505
267 510
304 497
331 463
355 424
378 382
398 339
414 294
421 246
418 198
94 138
129 113
174 105
221 112
263 129
325 134
352 122
380 118
408 119
424 139
293 186
297 226
301 266
306 306
252 330
274 337
295 342
311 337
326 329
138 186
166 171
198 173
224 195
195 201
163 200
328 198
350 175
379 173
398 188
381 201
354 203
204 404
238 389
270 379
289 385
307 378
321 385
330 399
319 421
304 434
285 439
263 438
234 429
216 405
267 402
287 403
305 399
320 401
305 401
287 405
267 405
