13 112
18 151
27 189
34 224
46 259
70 285
101 306
135 317
167 318
196 312
219 293
241 268
258 241
268 211
276 179
280 148
280 116
56 78
78 67
104 63
130 69
153 82
204 87
220 74
239 66
259 64
274 76
177 115
180 143
184 170
188 198
158 213
170 216
182 220
192 215
202 210
83 114
100 103
121 105
138 122
118 125
97 124
202 121
217 105
237 102
251 113
239 123
219 124
125 252
149 245
169 238
180 242
189 237
200 242
209 250
198 263
187 273
176 276
164 275
146 270
134 253
167 253
179 254
189 252
202 251
187 254
177 256
166 256
