62 134
66 181
75 227
85 273
103 316
129 353
162 388
199 417
238 425
277 417
314 392
345 360
371 322
385 279
393 233
396 184
394 136
86 112
109 95
142 93
174 100
203 114
261 112
287 96
318 90
349 93
371 109
230 157
231 195
232 231
233 268
198 286
216 291
234 296
252 291
269 285
118 153
139 141
166 144
188 168
164 169
136 166
275 167
296 144
323 140
344 154
327 166
299 169
170 327
196 321
218 315
235 321
253 316
277 322
301 326
278 356
254 366
235 368
216 366
194 356
182 331
217 336
235 338
253 337
291 329
253 337
235 339
217 336
