61 162
63 209
71 254
83 298
104 337
131 373
163 405
198 431
236 441
273 431
308 403
338 369
366 332
386 290
393 243
397 196
399 149
91 126
116 112
145 110
173 113
200 124
258 120
285 106
316 99
346 100
370 117
231 161
232 197
234 232
236 266
201 282
218 286
237 291
254 285
271 279
122 168
140 157
161 158
183 172
160 173
139 173
277 167
297 152
319 149
340 158
321 165
298 167
157 319
184 313
211 310
235 313
255 309
281 309
308 314
283 347
257 363
235 366
211 364
183 350
167 322
212 321
235 323
256 321
297 317
256 340
235 343
211 341
