57 148
58 197
67 246
79 292
99 333
126 369
159 399
194 423
231 428
269 419
306 396
343 366
374 330
394 288
405 240
412 191
415 143
84 112
108 93
141 92
172 98
201 111
268 113
297 98
328 90
359 91
383 109
231 158
231 196
231 234
231 271
199 285
215 292
231 297
247 292
263 285
116 154
137 136
165 140
186 165
161 171
133 169
278 166
298 140
326 137
346 154
330 168
302 171
170 325
196 323
218 319
234 325
250 319
271 323
294 325
271 348
251 358
232 360
215 358
194 349
181 328
217 335
233 337
251 335
283 329
250 335
233 337
216 335
