15 276
22 332
37 386
53 435
75 482
105 525
144 560
188 584
233 589
274 578
310 550
340 516
365 479
383 435
395 389
403 339
406 287
49 246
80 228
117 225
153 232
186 248
262 246
292 232
325 226
358 228
383 246
226 294
226 329
227 364
227 399
189 422
208 426
227 430
245 426
262 421
92 297
115 289
141 290
165 307
140 311
113 310
279 304
300 287
326 285
350 294
330 306
304 307
161 491
183 471
209 460
228 466
246 460
269 470
290 488
270 511
248 524
228 527
208 526
183 517
173 490
209 483
228 484
247 482
278 488
247 492
228 495
209 493
