19 210
25 265
37 317
48 367
66 414
94 456
126 493
165 521
207 530
249 521
289 493
323 457
352 415
370 369
382 322
395 271
402 217
48 201
74 185
109 185
142 192
175 205
254 204
286 191
319 184
352 188
377 206
212 258
212 295
212 332
212 367
180 384
195 389
212 394
228 389
244 384
88 251
111 240
138 243
159 264
134 269
106 266
265 264
286 244
313 242
335 253
316 267
289 269
153 446
174 429
196 418
212 423
227 419
248 429
266 447
248 473
227 484
210 485
192 484
171 472
164 446
195 441
212 442
227 442
257 447
226 455
211 456
194 454
