0 186
2 229
10 271
23 310
41 346
63 380
86 411
115 437
147 445
180 438
212 413
241 380
267 343
286 303
297 260
304 215
307 171
14 149
31 133
59 131
86 137
112 150
177 147
204 132
234 125
265 127
287 142
145 194
146 229
147 264
147 299
120 311
133 318
148 324
163 319
176 311
43 191
60 179
85 181
104 200
82 205
57 204
190 197
209 177
234 174
251 185
238 199
213 201
102 364
116 355
131 351
147 358
163 351
181 356
198 365
184 387
165 397
147 399
129 397
113 385
111 365
131 366
147 369
164 367
189 366
164 370
147 373
130 370
