66 327
69 375
78 419
93 463
111 505
135 544
162 578
191 608
226 619
266 614
311 588
350 552
382 508
405 459
417 407
429 352
434 295
64 285
83 272
108 275
135 283
160 295
232 295
269 280
308 271
348 272
383 285
196 334
195 369
193 405
191 440
172 463
185 468
201 472
218 467
236 463
93 328
112 317
138 319
160 340
135 345
109 343
261 340
282 319
311 317
338 328
315 342
286 344
165 524
179 514
193 507
208 513
223 508
250 516
278 523
253 550
228 560
211 560
194 557
179 546
175 527
194 525
209 528
225 527
267 525
225 530
209 531
194 528
