50 279
57 331
68 378
81 422
102 460
131 494
165 524
203 550
245 557
287 546
325 519
360 488
390 453
410 413
420 369
428 323
431 275
80 240
110 220
148 213
186 217
223 231
298 229
330 215
364 209
398 214
423 233
261 277
262 313
264 349
266 385
224 403
243 407
263 413
282 406
300 399
124 281
150 269
178 270
202 289
175 293
147 291
312 285
334 264
360 260
384 272
364 283
337 285
167 435
204 436
238 433
259 437
279 432
307 433
338 431
307 463
280 478
259 483
235 480
203 466
178 439
238 450
259 452
280 449
326 436
279 453
258 456
236 454
