73 330
74 374
82 417
93 459
111 500
140 536
173 568
212 595
253 600
298 590
343 566
383 535
412 498
429 456
435 410
437 365
437 318
89 303
107 284
134 277
163 277
188 288
261 284
291 269
324 264
357 269
383 285
226 329
225 359
224 389
224 419
198 441
213 446
229 450
246 443
262 437
126 341
143 330
164 329
182 340
165 344
144 344
285 334
304 320
325 320
347 327
328 333
306 335
177 488
198 477
218 469
231 472
247 467
273 473
304 481
277 504
254 516
237 519
221 519
201 509
188 490
219 490
233 490
249 488
292 483
251 489
235 491
220 491
