21 298
28 358
40 415
55 469
80 517
116 558
162 590
208 617
256 626
300 614
336 580
372 545
403 503
424 456
437 405
447 352
452 297
76 287
112 271
154 269
196 277
234 289
305 289
340 278
376 269
413 268
441 285
270 316
271 356
273 395
275 435
230 451
249 458
270 463
290 457
308 450
124 308
151 292
182 293
209 318
181 322
149 321
323 316
347 289
378 286
402 302
382 316
351 319
184 505
220 497
251 490
269 494
287 489
313 494
336 502
313 537
288 553
269 556
248 554
218 540
195 506
251 500
269 502
287 500
326 504
287 526
268 530
249 529
