11 169
15 219
22 269
35 318
59 362
94 398
137 425
183 443
230 449
273 440
307 415
335 382
358 345
374 305
383 262
389 219
390 175
80 121
110 107
143 104
177 109
207 121
267 117
294 104
322 99
351 104
371 121
238 161
239 191
241 222
243 251
202 275
220 279
238 284
254 280
268 276
118 168
140 153
166 154
184 174
163 178
138 177
280 175
300 154
323 152
341 168
326 177
302 178
154 324
186 313
215 310
235 314
255 310
279 314
301 323
280 352
257 364
236 367
216 364
185 352
164 325
215 323
234 324
255 322
291 326
256 344
236 347
216 345
