81 167
80 210
87 253
97 293
113 331
137 368
168 398
203 423
241 431
283 425
325 403
364 377
396 343
415 302
425 256
431 207
432 159
97 117
116 99
143 94
170 95
196 103
256 101
287 92
320 91
353 98
380 117
226 153
225 182
223 212
221 243
197 271
211 273
225 276
241 273
259 271
124 160
141 151
163 152
184 165
161 171
139 170
278 164
296 151
320 151
344 159
322 169
298 170
176 331
193 320
211 311
227 317
241 312
265 321
293 334
266 353
243 361
227 362
211 360
193 351
186 332
211 331
228 334
242 333
283 334
242 334
227 335
211 333
