119 178
113 217
113 258
117 299
127 341
144 376
167 406
194 430
229 440
273 438
322 423
371 401
413 370
443 330
458 282
467 230
472 179
116 125
127 108
147 101
170 100
193 107
259 102
295 91
333 90
370 104
398 130
223 155
218 184
211 214
205 243
191 272
203 276
216 278
232 276
251 273
134 168
149 153
172 153
192 170
171 175
149 175
286 167
308 149
334 148
358 161
335 171
309 171
174 331
187 317
203 309
218 312
235 309
263 318
298 331
265 348
237 354
220 355
204 353
188 346
184 331
205 326
220 328
236 327
285 331
235 330
219 330
204 328
