96 157
98 201
106 243
117 285
132 325
151 362
175 394
204 418
242 425
284 416
325 392
362 361
393 323
413 279
427 233
438 182
442 132
99 112
117 99
141 99
166 102
192 112
250 111
283 100
317 95
352 96
384 110
224 157
222 191
219 224
217 257
199 273
211 279
226 284
241 279
257 275
123 152
140 141
164 143
184 163
161 166
138 165
281 165
300 145
327 142
352 153
331 166
304 168
184 331
197 315
213 308
228 314
243 310
265 319
289 334
265 354
245 363
228 363
211 360
196 349
193 330
213 328
229 330
244 330
277 333
243 336
228 337
211 334
