110 166
107 205
111 243
125 282
141 321
160 361
183 399
208 435
243 451
288 450
341 430
391 399
434 362
465 317
482 264
489 206
491 149
108 98
120 81
142 78
167 84
189 97
251 96
287 80
326 74
365 81
397 102
217 152
212 186
206 218
199 252
187 276
199 284
214 289
233 284
252 278
133 152
148 139
173 140
193 162
170 166
146 163
279 161
301 140
328 139
354 153
331 164
303 165
188 333
193 320
206 314
220 320
234 316
263 325
296 340
266 361
239 369
222 369
207 364
196 350
199 334
207 335
221 338
236 338
284 339
236 342
221 341
207 336
