77 150
81 195
90 240
100 284
112 328
134 366
163 399
199 425
239 434
282 429
324 408
360 379
390 343
411 300
423 253
434 204
441 153
88 122
109 103
139 98
169 101
197 115
250 115
284 102
322 100
359 107
390 127
224 155
222 190
219 226
216 260
193 275
206 282
221 287
238 282
255 278
125 156
142 143
165 145
184 166
162 169
139 167
281 169
299 149
324 148
347 162
326 171
302 172
172 327
191 320
210 318
228 323
245 318
272 322
303 330
275 354
249 363
230 364
211 360
192 348
182 330
210 335
229 337
247 337
292 332
247 338
229 339
211 335
