100 181
97 219
100 257
109 296
121 335
137 372
162 405
193 430
236 439
286 435
334 418
379 395
412 362
431 320
440 275
448 226
453 178
112 131
128 115
149 111
173 113
196 121
255 117
287 104
324 99
360 103
391 120
227 161
223 183
219 205
214 228
199 265
209 270
222 273
238 271
253 267
134 172
149 153
173 152
193 174
171 179
148 179
285 171
306 148
332 147
354 164
334 174
307 175
177 338
187 313
203 299
219 303
233 300
259 316
289 341
262 357
236 361
220 361
204 359
188 353
187 335
205 321
220 322
234 322
277 339
235 336
220 336
205 334
