39 167
44 214
54 260
68 303
86 344
112 383
145 414
185 435
228 442
271 436
310 415
340 385
364 347
379 305
390 262
399 218
401 172
80 118
105 94
138 84
173 85
204 97
264 98
294 86
326 86
355 97
373 121
234 153
235 180
235 207
236 234
205 267
220 270
235 272
248 270
260 268
114 163
136 152
161 152
182 167
161 173
136 173
281 168
301 153
325 153
344 165
326 174
302 174
180 334
200 309
220 296
234 300
247 296
266 310
282 336
267 355
250 363
234 365
219 362
199 353
191 331
220 320
234 321
247 321
271 334
248 335
234 335
220 334
