-3 162
3 215
18 267
38 311
64 351
98 383
138 406
181 421
219 420
248 406
272 379
296 350
317 317
332 282
341 245
345 206
342 167
57 122
89 98
132 88
175 93
215 106
269 109
290 97
313 92
334 92
348 108
240 156
244 188
251 220
257 252
210 279
228 282
246 284
260 279
273 272
98 160
123 146
151 146
176 165
150 170
122 171
269 163
288 142
312 140
328 154
314 165
290 166
170 339
203 325
230 313
245 317
259 312
272 319
283 331
270 345
257 355
242 359
225 359
200 355
183 339
228 332
244 332
257 329
275 332
258 332
244 335
228 335
