76 151
76 197
82 240
90 283
103 325
125 361
153 394
185 424
224 437
267 433
313 410
355 380
391 343
414 297
424 247
434 194
441 140
94 123
112 103
140 99
168 101
195 113
260 112
292 99
326 91
361 96
388 117
228 156
226 193
223 229
220 265
194 278
208 284
224 289
241 284
259 281
125 158
143 146
166 148
186 167
163 169
140 167
283 166
301 147
325 144
346 156
328 166
303 168
167 321
186 316
206 313
225 318
242 314
269 319
302 327
270 355
242 365
223 366
203 362
183 349
177 325
206 325
224 328
242 327
291 329
242 343
224 343
205 340
