74 161
73 202
73 245
74 290
90 329
119 360
151 390
188 417
229 428
271 423
310 396
343 364
372 328
389 288
398 246
407 203
410 158
93 112
117 101
146 102
172 107
199 118
261 123
291 111
323 107
356 110
383 126
230 162
230 199
230 235
230 271
197 284
213 290
230 297
248 291
265 285
118 160
137 149
161 151
181 170
157 172
134 169
281 171
301 153
325 151
346 164
326 172
302 173
160 319
187 317
212 314
231 318
247 314
273 317
304 318
276 345
250 357
231 359
211 357
187 344
171 323
212 331
230 333
247 332
292 323
248 331
231 332
213 329
