81 163
80 206
88 246
98 286
111 327
131 364
160 395
196 419
235 425
275 419
311 397
340 366
361 329
378 290
390 250
396 209
394 168
94 126
112 107
140 100
168 104
195 115
264 113
293 101
324 97
356 100
380 117
232 156
231 188
229 220
228 251
200 269
215 274
231 279
247 275
262 270
122 163
141 151
164 151
185 167
163 172
139 171
282 167
302 150
327 149
348 161
328 170
304 170
172 328
191 312
213 302
230 308
245 304
268 314
291 331
269 351
246 361
229 362
211 360
190 350
183 328
213 326
230 327
246 326
280 330
245 332
229 333
211 331
