79 154
82 196
89 238
103 280
122 318
149 353
178 386
207 417
244 428
285 427
328 406
367 375
402 339
427 296
438 247
444 194
445 142
89 113
105 99
129 99
154 106
180 117
258 121
290 107
324 100
359 102
392 117
220 166
219 203
217 240
215 275
193 285
207 293
223 298
240 292
257 286
120 156
137 145
161 148
181 171
157 174
133 170
279 173
300 152
327 148
350 162
330 175
303 177
172 317
192 321
210 321
228 326
244 321
274 321
309 317
278 344
249 354
231 356
212 352
194 339
182 323
210 333
228 336
245 335
298 322
247 335
230 336
212 333
