-2 171
6 227
17 281
28 331
52 372
93 401
143 424
195 437
241 438
279 424
303 393
323 357
339 320
350 282
359 244
361 206
355 167
61 120
94 101
130 94
170 100
203 115
273 125
295 117
318 114
340 115
354 127
243 157
251 190
261 221
270 254
213 278
234 281
255 285
270 281
284 274
106 155
130 143
156 143
179 163
155 168
128 167
267 165
285 146
308 147
326 158
310 168
287 170
152 329
197 324
232 316
250 318
264 312
281 316
293 319
280 341
264 352
249 356
231 356
196 350
165 332
231 331
249 331
263 327
282 324
263 329
249 333
232 335
