48 178
55 223
67 266
77 308
93 347
118 380
152 407
193 427
236 433
278 425
316 403
346 374
368 340
382 300
391 258
399 216
405 172
80 130
104 108
138 98
173 100
204 112
258 106
289 93
322 91
353 101
375 122
232 152
234 181
235 209
237 238
205 264
220 269
235 273
250 269
264 265
117 167
137 155
162 155
184 170
162 174
137 175
276 167
297 152
321 152
341 163
322 172
299 172
173 332
197 313
219 303
235 308
252 304
272 315
292 333
271 351
251 356
233 358
216 356
194 350
184 331
218 325
235 326
252 326
280 333
250 329
233 330
217 329
