66 166
70 215
79 263
92 308
111 348
138 382
169 409
202 427
241 433
282 425
323 408
362 386
394 355
418 317
431 270
436 220
439 168
91 112
113 92
143 88
172 96
197 111
258 112
289 97
323 89
355 95
380 116
228 156
227 185
225 213
224 242
198 272
212 276
227 279
243 275
258 271
122 162
140 147
166 148
186 168
164 173
139 172
278 168
300 148
325 147
346 160
328 171
302 172
176 336
195 319
214 309
228 313
243 309
265 319
291 334
267 350
246 358
230 360
214 359
196 353
187 334
215 329
228 329
244 328
278 333
244 334
228 336
214 335
