56 157
58 202
64 245
73 285
90 322
118 353
151 379
187 398
224 401
260 395
291 375
321 352
343 321
357 286
368 248
377 208
381 165
81 120
105 99
139 92
174 96
204 110
262 110
293 100
324 99
354 105
374 125
232 155
233 189
233 222
234 254
197 276
214 280
232 284
248 279
264 275
114 158
135 144
161 145
184 166
161 167
134 167
278 166
300 147
325 147
343 161
325 169
300 168
174 329
196 317
219 309
234 312
249 309
270 317
288 330
270 346
249 355
233 357
216 356
194 348
185 329
218 326
233 327
249 326
277 329
249 329
233 330
218 329
