113 172
108 212
111 253
121 291
136 331
156 369
181 401
210 429
245 440
287 440
331 426
373 406
408 375
434 334
451 285
460 230
462 177
118 121
133 104
158 101
182 105
206 112
258 107
291 93
329 88
367 96
395 118
226 151
221 180
215 208
209 237
191 266
203 271
217 275
233 272
250 269
136 164
151 153
173 152
192 166
172 169
151 170
286 163
310 150
335 150
358 162
334 168
310 167
174 334
184 315
200 303
217 309
233 304
260 317
290 336
263 355
238 363
220 363
203 360
187 351
184 335
202 329
218 330
235 329
278 336
235 332
219 332
202 330
