44 143
51 194
61 243
73 291
93 332
123 369
156 403
194 429
234 438
275 428
313 402
345 370
376 332
395 288
406 238
412 188
416 136
83 122
109 106
141 103
172 109
201 122
258 122
285 109
315 103
346 104
374 115
230 166
231 203
231 238
232 273
194 282
213 289
233 296
252 289
270 282
117 164
139 154
163 155
184 172
162 174
137 172
277 173
298 155
322 154
345 163
325 171
300 173
146 313
179 311
210 311
232 314
254 310
285 312
318 312
288 356
256 374
232 378
209 374
177 356
157 317
210 322
232 325
255 322
307 317
255 352
232 356
209 352
