109 168
104 209
107 250
116 292
129 333
148 371
172 406
201 435
239 448
285 443
331 425
374 400
410 367
434 325
449 276
458 223
462 171
117 107
131 92
154 89
176 92
199 101
251 97
287 84
326 80
363 90
394 112
223 152
219 181
214 210
208 240
194 271
205 276
217 279
233 275
250 272
131 161
148 148
171 148
191 164
169 170
146 170
281 163
302 148
328 147
351 157
330 168
304 168
181 337
191 313
207 299
223 304
238 299
266 314
295 337
269 358
244 367
226 369
209 365
193 355
191 335
208 329
224 330
240 330
283 336
241 334
225 335
208 332
