113 175
108 213
109 251
117 290
128 327
144 364
166 397
195 423
234 435
283 432
332 418
376 396
410 365
434 327
446 282
454 234
458 187
118 112
134 97
156 94
181 96
203 106
252 104
286 91
323 89
360 97
390 118
225 151
220 180
215 209
208 238
194 271
205 277
219 281
236 278
252 273
136 162
150 147
173 148
192 167
171 170
149 169
285 165
305 146
331 146
355 160
332 169
307 169
176 334
185 311
202 300
217 304
232 301
260 315
289 338
262 356
236 364
218 364
202 361
186 352
185 332
203 325
218 327
234 327
277 336
234 335
217 335
202 333
