98 165
96 209
103 252
115 292
131 330
150 363
174 391
201 413
235 426
271 425
306 409
335 386
360 354
380 316
395 272
407 224
410 174
102 111
117 94
142 90
167 94
190 104
258 105
287 90
320 88
353 100
375 123
222 149
221 184
219 218
217 252
191 270
206 277
222 282
240 278
258 273
126 151
142 140
165 141
185 159
164 163
141 163
278 161
300 145
323 144
343 158
324 167
300 166
181 333
196 318
210 310
226 315
241 311
264 320
292 337
266 352
246 357
229 357
212 354
197 347
191 332
211 327
227 328
242 328
283 335
244 333
228 333
212 330
