45 135
49 184
60 233
72 279
92 322
120 361
154 395
196 420
236 426
276 418
312 389
343 353
369 312
388 269
397 223
405 176
408 130
76 117
104 97
138 92
172 96
204 109
265 107
295 95
326 92
356 96
380 113
234 156
233 188
233 221
234 254
204 276
218 280
233 283
247 280
260 276
119 153
141 142
166 145
185 165
163 170
138 167
279 165
297 144
322 142
343 154
326 167
300 170
176 334
197 318
216 310
231 315
247 310
267 319
287 333
268 351
249 359
231 361
214 359
196 352
187 335
215 330
231 331
247 330
274 333
248 332
231 335
215 333
