8 147
10 199
18 251
28 296
49 336
83 369
122 393
165 411
207 414
242 405
264 378
287 347
312 314
330 276
344 234
350 191
347 146
70 132
103 119
140 115
176 121
212 134
276 134
297 123
317 113
339 108
357 116
245 168
249 203
254 238
258 274
206 286
228 291
249 296
266 290
281 281
110 165
135 150
163 149
186 170
161 175
133 176
276 163
295 140
320 137
336 148
323 163
298 165
160 331
195 326
228 320
244 323
258 318
270 321
278 324
263 345
249 359
233 364
214 363
188 353
170 331
226 333
243 333
257 331
269 327
251 335
235 340
218 340
