92 158
90 199
97 241
109 282
127 320
152 355
182 386
212 415
249 424
292 417
336 393
377 361
411 325
431 282
441 237
447 188
450 140
105 108
123 96
147 95
170 100
194 111
252 113
285 101
319 94
356 95
388 109
224 160
222 192
219 223
215 254
198 277
209 281
221 284
237 281
254 277
124 155
141 142
166 144
186 168
162 172
137 169
282 167
300 146
328 143
352 157
332 170
305 172
183 332
193 315
208 306
223 311
235 307
262 317
289 332
266 358
241 368
227 368
211 366
194 355
191 333
210 328
224 329
237 328
278 333
239 341
226 341
210 339
