60 202
67 257
80 308
93 357
113 404
140 444
178 475
224 501
274 512
325 504
371 479
408 446
437 405
454 358
465 308
479 255
487 198
101 155
132 130
173 122
214 125
252 139
305 137
343 119
385 113
427 122
454 151
279 182
279 218
280 254
280 290
244 318
261 325
280 331
297 327
314 319
143 193
167 179
195 179
220 199
193 203
165 202
332 198
357 177
385 175
409 191
387 201
358 202
208 399
233 376
258 363
278 369
296 363
321 377
347 402
321 424
297 428
277 429
255 427
232 419
221 397
257 385
278 386
296 387
334 400
296 402
278 401
257 399
