76 158
76 201
84 243
94 284
110 324
133 361
163 393
197 419
235 428
274 423
314 400
347 369
373 332
391 291
401 248
407 204
408 159
91 122
110 102
140 97
170 101
196 114
260 112
292 98
326 94
360 100
384 122
229 152
229 184
229 216
229 247
200 268
214 274
230 279
246 275
261 269
121 160
140 149
163 150
185 166
161 170
138 170
279 164
302 149
325 147
345 159
327 168
302 168
173 331
194 318
213 308
230 313
245 308
268 318
295 333
270 355
248 360
231 360
213 358
194 350
186 332
213 326
230 328
246 327
284 333
246 332
231 331
213 329
