101 201
102 242
109 281
118 320
129 359
145 391
169 420
198 441
237 451
282 452
331 444
374 424
408 396
429 357
440 313
447 265
450 217
109 126
121 100
147 87
175 87
198 100
255 97
288 84
325 86
359 102
383 132
225 150
221 181
215 212
210 243
194 272
206 278
219 282
235 279
252 276
136 162
151 143
175 143
193 167
173 171
150 170
283 167
305 145
330 145
350 166
331 172
306 171
179 335
190 315
206 305
220 309
235 307
261 321
290 343
262 357
237 361
221 361
205 358
191 350
189 334
206 327
221 328
236 329
277 341
236 337
221 336
206 333
