102 188
100 227
103 265
116 301
136 332
162 361
192 388
222 412
255 423
294 426
335 414
374 393
406 362
429 322
445 276
454 226
457 174
108 127
119 107
141 99
166 100
190 109
261 108
297 94
337 92
374 106
401 132
221 157
218 188
213 218
209 248
190 273
204 278
220 281
237 277
255 273
131 166
146 153
169 152
190 169
168 172
146 172
282 167
306 151
332 151
356 164
333 170
306 170
175 329
189 319
206 312
223 317
238 312
268 320
301 328
273 352
245 360
228 360
211 357
193 348
183 331
208 332
224 333
240 332
289 328
242 335
226 336
209 334
