40 159
47 206
57 252
66 298
81 340
107 377
143 407
185 428
229 435
270 427
306 403
335 370
357 333
369 289
378 245
388 202
392 158
83 122
110 103
143 97
177 100
207 112
262 110
291 99
321 96
350 102
370 121
236 154
236 183
237 213
238 243
206 267
221 272
236 277
249 273
262 268
118 160
139 148
164 149
184 167
162 171
137 171
277 167
296 149
321 148
340 160
324 170
300 172
172 334
195 313
219 302
235 307
251 303
270 314
287 334
269 354
250 364
233 366
216 364
193 355
185 333
219 324
234 325
251 325
275 335
249 337
233 339
217 337
