63 150
65 195
72 238
82 280
98 323
124 361
155 390
191 415
232 422
275 415
314 392
349 363
376 330
395 293
405 252
410 209
409 163
90 117
115 103
145 99
175 104
204 117
259 118
287 107
317 104
347 106
376 118
231 160
230 191
229 221
227 251
202 274
215 279
229 282
244 279
258 274
120 160
138 145
164 147
185 170
161 175
136 173
281 171
301 150
327 148
349 164
329 175
304 176
178 331
196 315
216 306
230 311
243 306
265 315
288 332
266 353
244 359
230 360
214 358
195 351
188 331
216 329
230 330
243 329
276 333
244 333
230 333
215 332
