142 250
143 299
150 347
159 393
176 436
207 477
243 512
283 541
330 550
378 545
426 527
470 501
504 463
521 417
529 366
538 316
543 264
170 211
198 194
233 192
268 197
299 210
370 210
404 197
442 193
479 198
509 218
334 247
333 285
331 323
330 362
295 384
311 390
330 396
348 392
366 386
202 244
225 228
254 231
277 254
250 259
221 258
392 257
416 233
446 232
470 249
448 262
417 262
262 447
285 433
309 422
328 429
347 423
372 435
399 449
374 471
349 479
328 482
307 479
283 467
275 448
307 446
328 449
348 447
386 451
348 449
329 451
308 448
