33 175
35 223
39 273
50 321
72 367
106 406
150 436
193 462
239 470
283 460
326 435
367 408
398 371
411 325
411 276
409 229
405 183
78 142
102 119
138 109
175 112
208 123
267 124
294 110
323 107
352 113
373 132
238 166
238 199
238 232
239 265
198 280
218 286
238 292
255 287
271 282
123 170
144 159
167 161
185 177
165 178
142 177
282 174
301 157
322 155
342 165
325 172
304 175
145 318
181 310
213 307
234 312
256 308
283 312
311 320
286 356
259 369
235 371
212 368
179 353
157 320
213 317
234 320
257 317
300 322
257 348
234 350
212 348
