80 202
80 256
89 309
100 360
118 410
149 452
186 488
230 516
276 525
323 519
366 493
404 457
434 415
458 366
472 315
481 260
482 206
122 142
147 122
178 117
210 120
238 131
310 131
345 118
382 115
418 121
448 140
278 187
277 221
277 255
276 289
242 323
259 328
275 331
292 328
309 324
147 193
170 174
200 175
222 202
197 206
168 205
336 201
359 175
390 174
413 194
392 205
362 206
215 404
233 367
257 351
275 356
295 352
322 371
341 409
321 439
295 452
274 454
253 451
230 437
227 402
257 380
275 379
294 381
328 405
294 418
274 420
255 419
