92 226
89 276
92 325
98 374
115 421
144 461
182 493
227 518
278 526
330 518
378 493
418 460
448 420
464 372
468 321
471 269
468 219
119 146
139 125
170 117
202 118
231 132
323 131
354 116
390 112
424 122
446 148
277 186
276 221
276 254
275 288
239 322
257 328
276 332
296 327
315 322
147 199
169 185
195 185
221 202
195 206
168 206
336 201
363 184
391 184
415 199
391 207
363 206
205 397
229 373
257 360
278 366
299 360
328 373
353 397
328 426
299 437
277 439
253 437
227 425
217 396
256 388
278 389
299 388
340 397
299 401
277 403
255 401
