47 143
46 191
52 238
61 284
79 326
108 363
141 396
179 427
221 438
266 431
307 404
343 372
374 336
394 294
406 248
417 202
423 154
82 121
112 103
146 104
179 114
207 130
255 128
289 115
324 109
360 113
388 131
232 166
229 204
227 242
225 280
190 283
207 292
226 299
246 292
265 284
117 158
140 149
164 153
183 174
161 175
137 171
283 176
304 156
327 153
349 164
331 174
307 177
157 312
183 307
210 307
230 311
251 307
281 309
311 315
282 350
253 366
230 369
207 365
182 345
166 314
209 319
229 322
251 319
303 316
252 345
230 347
209 342
