53 182
57 228
66 272
77 315
94 354
121 386
154 412
194 432
235 438
274 430
307 410
332 381
347 345
358 305
366 265
375 226
380 185
84 127
108 104
140 96
172 97
203 110
260 110
290 100
321 98
351 104
372 126
233 152
233 183
233 214
233 245
202 272
217 276
233 280
248 276
263 271
118 164
138 150
162 150
182 168
161 171
137 171
281 168
301 150
325 150
343 164
326 171
302 171
174 331
195 311
219 300
235 304
250 300
272 312
291 336
272 355
251 364
234 366
217 364
194 355
186 332
218 322
234 323
250 323
279 335
250 336
234 337
218 337
