152 200
148 245
154 292
167 338
179 384
198 429
222 471
247 506
284 522
333 521
392 501
451 473
501 434
536 383
556 323
570 258
578 192
144 130
157 112
181 110
205 116
228 128
307 121
350 104
396 99
442 111
480 138
265 185
258 223
248 261
239 299
226 326
238 333
253 338
274 335
296 332
168 184
185 168
213 169
236 195
209 200
182 199
339 193
365 168
398 168
429 186
401 199
368 199
217 402
224 382
240 371
257 377
276 373
314 386
354 405
318 439
283 452
262 452
243 447
227 432
228 404
242 395
259 397
277 397
339 406
279 417
261 417
243 414
