161 156
155 190
159 228
170 264
181 301
194 336
208 369
225 402
255 416
296 414
342 396
390 375
431 348
460 313
475 272
479 224
480 178
154 104
168 96
188 100
207 110
223 124
274 127
305 122
339 123
371 131
399 145
245 166
238 193
230 219
222 246
212 266
220 273
230 277
244 277
261 276
172 144
186 133
208 136
225 159
204 159
183 157
297 172
318 154
343 157
364 173
344 180
318 179
205 320
209 308
220 299
231 305
243 302
268 319
293 338
269 353
246 358
231 356
220 352
211 339
214 322
222 321
232 323
245 325
281 335
244 330
231 327
222 324
