87 211
85 264
92 317
101 366
120 412
148 453
186 488
230 512
279 519
330 512
373 489
406 456
433 417
453 371
467 322
477 269
479 216
114 157
141 136
177 129
214 131
249 140
319 141
355 125
395 119
434 130
459 157
276 189
275 220
275 251
274 283
237 319
255 322
274 325
292 322
313 319
144 200
169 187
197 186
222 202
196 208
167 209
334 200
363 184
392 184
416 197
392 207
362 206
205 399
228 372
253 357
273 363
292 355
320 370
345 396
321 423
296 434
276 436
253 434
228 424
218 397
253 383
274 384
292 383
332 396
293 400
274 401
253 400
