116 158
112 200
119 243
128 285
141 326
160 362
181 394
204 421
240 431
286 427
332 408
372 381
404 344
423 303
432 257
439 210
441 162
115 126
128 111
150 109
174 114
196 124
259 121
291 111
327 108
361 114
389 131
220 157
214 187
206 216
198 246
190 272
199 278
211 282
226 277
243 272
135 153
148 137
171 138
192 162
169 164
146 162
282 163
302 142
328 141
352 157
331 167
304 166
183 334
189 324
201 317
214 321
227 316
252 323
284 336
256 353
234 358
220 359
206 357
192 349
190 335
202 330
215 332
229 331
274 335
232 337
218 337
204 335
