93 161
91 205
98 249
109 291
125 331
150 366
177 397
206 427
242 439
284 434
328 412
369 383
403 348
427 306
438 257
445 206
445 155
98 115
115 98
139 96
164 102
188 116
256 120
286 107
321 102
356 106
388 121
222 160
218 193
214 227
209 261
190 277
202 285
217 290
234 285
252 280
124 151
142 138
166 141
186 167
162 168
137 164
281 170
301 149
328 146
353 160
331 171
304 173
177 323
190 319
206 316
220 322
235 318
263 322
297 328
266 356
239 366
223 366
207 363
192 350
186 327
206 331
221 335
236 334
287 330
237 342
222 343
207 339
