105 126
101 156
101 186
108 216
121 245
137 275
151 302
166 330
192 343
230 345
279 336
332 322
377 297
405 260
419 213
427 162
433 111
96 80
103 66
120 63
137 67
153 77
206 74
239 60
278 58
314 69
345 89
178 115
169 142
160 168
150 194
143 208
153 217
166 222
183 217
201 214
116 117
128 107
147 108
164 122
145 123
127 122
235 123
253 109
276 110
300 120
277 125
254 125
145 244
150 241
160 239
172 243
187 241
221 245
265 248
224 269
192 277
176 277
163 274
154 263
153 248
161 251
173 254
188 254
254 249
190 259
175 258
163 254
