100 161
99 201
104 240
115 279
133 315
153 349
178 380
204 408
237 421
276 417
316 394
352 363
380 325
401 284
415 240
426 193
429 144
100 109
115 90
141 84
167 87
194 98
257 98
290 85
326 83
361 93
386 115
224 152
220 188
216 222
211 256
190 276
204 282
221 286
239 282
258 277
126 155
143 144
165 146
184 166
162 168
139 165
283 165
303 146
328 144
350 157
330 166
304 168
184 331
196 321
210 315
224 319
238 315
262 323
292 333
266 357
242 364
227 364
212 362
198 352
194 333
211 332
225 334
239 334
281 334
241 338
227 339
212 336
