111 170
110 207
117 244
131 282
146 318
164 354
187 390
215 419
251 430
295 426
340 405
379 377
410 342
430 299
444 254
452 206
454 157
109 116
121 98
142 94
165 97
188 110
255 110
290 95
329 89
367 96
396 117
220 156
216 186
211 215
206 245
194 272
204 276
218 279
234 274
250 270
134 159
147 147
169 147
190 164
168 168
146 168
281 162
302 146
327 145
352 157
330 166
304 166
176 333
187 318
204 306
220 311
235 306
264 316
293 332
269 352
243 360
226 361
208 359
191 350
186 334
206 330
222 330
237 330
281 332
239 330
224 330
207 329
