68 190
71 245
80 298
92 349
114 397
147 439
188 475
232 504
280 512
328 506
372 477
410 442
442 400
463 353
476 301
484 246
488 192
114 134
140 113
175 109
210 114
242 128
315 131
349 118
388 114
426 122
453 146
277 186
277 226
277 265
276 304
241 331
259 336
278 341
297 337
314 331
146 186
169 173
196 174
220 195
193 198
166 196
337 196
359 177
388 176
412 191
389 200
361 200
214 399
236 379
261 368
280 373
297 368
323 380
346 400
326 424
301 435
281 436
261 434
236 422
227 398
261 394
280 395
298 395
333 399
298 399
280 399
261 397
