106 172
98 211
100 252
107 290
118 330
134 369
158 401
186 427
224 438
268 436
315 420
358 398
394 368
416 328
430 282
439 236
446 188
110 132
123 109
148 98
176 98
203 105
268 105
302 94
338 92
373 103
395 131
229 152
224 180
219 207
213 235
193 266
205 270
219 273
236 270
254 267
133 169
149 157
171 154
192 169
171 174
149 175
286 167
309 152
333 152
355 164
334 171
308 170
171 333
184 313
202 301
218 305
234 300
261 312
290 335
262 355
237 361
219 362
201 360
184 352
182 331
203 323
219 324
235 323
279 333
235 333
219 333
202 332
