28 134
35 185
48 233
62 277
82 321
111 359
147 390
186 415
228 422
267 414
304 389
339 359
364 322
380 279
390 234
401 188
407 139
72 119
102 104
137 101
171 108
203 121
264 119
293 107
324 102
355 103
381 118
234 161
235 194
237 227
239 260
203 280
219 286
236 292
252 286
266 278
112 157
133 141
160 143
182 167
157 169
130 168
278 168
297 142
322 141
344 156
326 168
300 170
171 328
199 322
221 316
235 320
250 315
267 321
289 328
267 347
250 355
234 358
218 356
198 348
182 330
220 331
235 332
250 330
279 329
251 332
235 334
220 333
