150 198
146 245
153 293
165 339
178 386
196 431
221 473
247 508
284 524
334 523
395 504
454 477
505 438
538 387
557 326
570 261
577 195
143 132
156 111
181 108
205 115
229 128
309 122
351 104
396 98
442 111
479 139
267 183
259 222
249 260
240 299
226 326
238 334
253 338
274 335
296 331
168 184
186 167
214 169
238 194
211 199
183 198
340 193
367 169
399 170
428 188
401 199
368 199
215 402
223 382
240 370
256 377
274 373
313 386
354 404
317 439
281 452
261 452
243 447
226 431
225 403
242 394
258 396
276 396
339 405
278 416
260 417
243 413
