114 174
109 212
110 250
117 288
128 325
144 363
166 396
194 423
232 436
279 435
328 423
370 402
405 372
430 333
443 288
452 239
456 192
123 111
138 97
160 94
183 96
204 106
254 105
287 93
324 91
359 98
388 117
225 152
220 181
214 210
207 239
194 271
205 277
218 281
234 277
250 274
137 162
151 147
173 148
192 166
171 170
150 170
285 165
305 147
331 147
354 162
332 170
306 170
177 335
185 311
201 299
215 303
230 300
257 314
286 340
260 357
234 364
218 365
202 361
186 352
187 334
202 327
216 327
231 328
274 337
232 334
217 334
202 332
