70 173
73 216
79 258
88 298
109 336
138 369
172 399
208 427
246 438
286 429
326 400
363 367
393 330
413 289
420 244
424 199
426 154
87 138
108 119
137 113
168 115
197 126
257 126
290 112
325 107
362 111
390 131
228 168
228 203
228 238
228 272
198 285
214 290
231 295
249 289
266 284
120 169
140 158
164 160
183 180
161 180
138 177
281 177
301 157
324 153
346 164
327 173
303 176
157 314
184 312
209 312
231 316
252 311
282 310
318 309
287 348
258 363
234 366
211 363
185 348
168 318
209 322
231 326
253 322
307 313
256 346
233 349
210 346
