64 314
64 361
70 408
80 452
101 492
128 526
163 553
203 574
243 580
280 572
314 550
347 524
372 492
390 454
401 414
408 372
408 329
101 255
129 236
163 231
195 238
225 254
296 257
319 246
346 242
373 245
394 260
258 299
258 334
258 368
258 402
221 426
237 430
253 433
268 431
285 428
133 295
155 279
183 281
204 308
179 312
151 310
303 313
322 288
349 287
368 305
351 318
325 318
185 486
210 473
236 465
251 471
267 466
286 475
303 487
284 505
265 515
248 517
231 516
208 507
196 487
234 483
251 485
266 483
292 487
265 488
250 491
234 489
