31 312
29 357
35 404
44 450
64 493
94 532
132 565
177 590
224 597
267 587
308 561
345 529
374 493
393 453
403 410
407 368
404 325
87 272
115 257
147 254
177 258
203 271
278 274
302 263
328 260
355 264
376 278
239 317
240 348
240 379
241 411
201 432
219 436
237 441
255 438
271 434
117 312
140 301
165 304
186 325
162 325
137 322
286 328
305 308
328 306
349 318
331 327
308 328
151 469
185 468
215 467
235 472
254 467
278 470
303 472
277 499
254 513
232 515
211 513
182 500
160 473
214 484
234 486
254 484
293 476
254 486
233 489
213 487
