52 314
47 359
48 404
55 447
71 488
97 523
125 555
153 588
190 604
235 603
289 583
340 555
385 519
414 473
428 419
438 361
445 302
54 259
71 243
97 240
122 245
147 257
204 252
244 239
286 237
327 248
362 269
177 309
173 345
167 381
161 418
141 432
154 440
169 446
190 441
211 436
79 308
96 295
120 296
141 316
118 317
95 316
242 318
264 299
290 298
317 312
292 320
265 321
121 470
138 465
158 462
175 466
196 464
233 472
279 479
236 511
198 522
176 522
156 517
138 500
133 475
158 483
176 487
196 487
266 481
197 491
176 490
158 486
