44 356
48 408
53 459
62 510
85 556
119 596
161 627
207 651
257 659
305 650
344 624
378 590
404 551
420 507
429 460
434 414
437 368
95 317
129 297
169 298
207 305
241 322
304 320
334 306
366 302
397 305
417 327
270 361
270 396
270 431
271 466
223 486
244 493
265 499
284 494
303 488
139 358
162 348
187 351
208 370
184 372
158 369
318 373
339 356
363 355
384 366
365 376
341 377
180 530
212 526
240 521
259 527
278 522
300 528
326 534
300 553
278 562
258 565
237 563
209 553
190 534
239 538
259 541
278 539
315 537
278 538
258 541
238 538
