66 364
72 412
81 461
90 509
108 555
140 592
179 624
222 651
268 660
314 653
360 628
399 595
431 556
450 511
460 461
467 412
472 363
111 324
137 303
172 294
208 298
241 313
307 315
339 299
374 293
409 301
434 323
275 363
275 396
276 428
276 460
239 484
257 488
274 493
291 489
308 486
149 367
172 353
198 355
218 376
195 379
169 376
328 377
348 356
374 354
395 368
377 378
351 380
191 530
223 520
253 515
272 520
293 516
321 523
351 534
322 568
293 581
270 583
248 579
219 564
202 532
252 531
271 533
293 532
340 536
293 558
271 559
250 556
