60 290
63 339
70 387
77 436
90 482
115 523
148 558
186 587
226 601
270 597
314 573
353 543
386 506
406 462
417 413
429 363
436 313
95 276
121 261
154 262
184 273
214 289
276 294
306 280
339 274
372 278
399 298
243 327
240 360
237 394
234 427
203 441
218 447
235 453
253 449
272 446
129 320
151 311
176 315
196 335
171 336
147 332
293 342
314 327
339 325
361 336
340 346
315 347
158 469
190 472
218 470
235 476
254 473
285 479
318 480
285 509
254 522
234 522
214 518
187 500
169 475
217 489
235 493
254 492
307 485
254 494
235 495
216 490
