29 249
29 289
37 330
48 371
63 412
86 447
111 475
139 499
171 505
205 501
244 480
282 457
319 429
343 393
359 350
369 301
372 254
46 199
66 198
87 212
104 226
121 238
189 226
218 211
248 200
281 198
313 207
154 265
149 299
144 334
139 368
129 375
139 382
150 387
165 385
181 383
64 250
81 240
107 243
124 263
103 267
78 265
217 266
236 246
264 245
286 257
269 271
241 272
121 427
131 416
147 410
158 414
173 411
195 419
217 432
197 451
177 458
161 459
147 456
132 447
129 429
149 426
160 427
175 427
207 432
174 431
159 431
148 430
