85 321
90 375
102 426
113 475
130 524
159 568
197 604
239 633
282 643
325 635
366 608
406 575
439 535
459 487
471 436
482 384
488 329
115 308
142 288
178 283
212 289
244 302
310 301
345 288
383 286
420 295
446 316
279 356
279 389
278 422
278 456
246 483
263 486
279 489
295 486
311 485
157 352
179 340
205 342
226 364
203 367
176 364
335 366
356 344
382 344
404 356
385 366
359 369
217 537
244 525
265 516
279 522
294 517
316 528
341 538
316 556
296 565
279 567
263 565
243 557
229 537
265 537
279 540
295 538
329 538
295 537
279 539
264 537
