62 334
63 380
68 428
80 475
103 517
135 554
172 580
210 599
251 602
292 591
327 568
357 539
381 506
398 469
406 431
408 392
406 352
100 288
126 271
157 266
188 271
218 282
275 286
302 277
331 276
359 282
380 298
246 328
246 356
246 385
247 413
209 441
227 444
244 448
260 444
277 441
133 325
153 312
175 315
194 335
173 336
150 333
293 339
311 321
333 320
353 333
335 340
312 341
171 490
199 481
226 476
244 480
261 475
286 482
310 487
287 509
262 520
244 523
225 521
198 513
181 492
225 494
244 496
262 494
300 490
262 496
244 499
226 497
