7 307
8 348
17 389
28 430
46 469
71 504
99 533
127 557
161 564
197 559
234 534
271 508
306 476
329 437
340 393
347 347
348 300
20 278
40 269
65 276
87 288
107 299
174 287
203 272
234 262
268 261
298 272
148 323
149 356
149 389
150 422
129 437
142 442
154 446
168 443
179 439
47 313
66 302
92 304
111 323
89 327
64 326
201 323
221 303
249 301
269 312
253 325
226 327
111 487
125 476
143 469
155 475
170 470
190 478
206 489
190 506
171 516
154 518
141 516
123 506
120 488
143 486
155 488
170 487
197 489
169 488
153 490
141 488
