71 418
75 469
83 520
96 568
118 615
152 655
196 689
244 714
291 720
337 712
380 685
415 648
443 605
463 557
474 507
480 456
479 405
118 368
143 345
176 336
211 337
243 348
319 348
349 337
382 335
415 342
440 362
281 401
282 438
283 475
283 513
250 542
267 545
285 549
302 544
318 539
152 406
174 392
201 392
224 413
199 418
172 416
338 410
359 390
386 387
409 400
388 412
362 413
215 602
242 592
267 584
285 588
302 582
327 589
354 598
329 617
305 627
287 629
268 628
242 621
225 603
267 603
286 605
303 602
344 599
304 601
287 603
268 602
